# ITC Data: Sat Mar 27 14:35:52 CLST 2021
 
810.718	0.000
810.794	14.384
810.870	14.473
810.946	14.509
811.022	14.518
811.098	14.524
811.174	14.534
811.250	14.545
811.326	14.551
811.402	14.550
811.478	14.541
811.554	14.527
811.630	14.511
811.706	14.495
811.782	14.482
811.858	14.470
811.934	14.457
812.010	14.441
812.086	14.418
812.162	14.390
812.238	14.359
812.314	14.331
812.390	14.309
812.466	14.291
812.542	14.274
812.618	14.251
812.694	14.222
812.770	14.192
812.846	14.167
812.922	14.151
812.998	14.142
813.074	14.136
813.150	14.126
813.226	14.107
813.302	14.081
813.378	14.051
813.454	14.022
813.530	13.996
813.606	13.974
813.682	13.954
813.758	13.934
813.834	13.915
813.910	13.895
813.986	13.877
814.062	13.857
814.138	13.834
814.214	13.804
814.290	13.763
814.366	13.701
814.442	13.608
814.518	13.486
814.594	13.350
814.670	13.217
814.746	13.105
814.822	13.024
814.898	12.976
814.974	12.953
815.050	12.946
815.126	12.954
815.202	12.983
815.278	13.038
815.354	13.113
815.430	13.198
815.506	13.275
815.582	13.329
815.658	13.355
815.734	13.358
815.810	13.350
815.886	13.336
815.962	13.312
816.038	13.270
816.114	13.206
816.190	13.123
816.266	13.029
816.342	12.934
816.418	12.850
816.494	12.785
816.570	12.743
816.646	12.719
816.722	12.716
816.798	12.734
816.874	12.776
816.950	12.840
817.026	12.922
817.102	13.012
817.178	13.101
817.254	13.179
817.330	13.246
817.406	13.298
817.482	13.332
817.558	13.345
817.634	13.338
817.710	13.318
817.786	13.291
817.862	13.264
817.938	13.243
818.014	13.231
818.090	13.224
818.166	13.213
818.242	13.191
818.318	13.158
818.394	13.122
818.470	13.090
818.546	13.067
818.622	13.053
818.698	13.045
818.774	13.039
818.850	13.035
818.926	13.034
819.002	13.037
819.078	13.044
819.154	13.057
819.230	13.074
819.306	13.095
819.382	13.119
819.458	13.147
819.534	13.178
819.610	13.213
819.686	13.256
819.762	13.311
819.838	13.378
819.914	13.457
819.990	13.542
820.066	13.629
820.142	13.710
820.218	13.779
820.294	13.835
820.370	13.883
820.446	13.924
820.522	13.957
820.598	13.984
820.674	14.008
820.750	14.030
820.826	14.052
820.902	14.072
820.978	14.086
821.054	14.094
821.130	14.096
821.206	14.095
821.282	14.096
821.358	14.098
821.434	14.097
821.510	14.088
821.586	14.068
821.662	14.037
821.738	13.997
821.814	13.952
821.890	13.901
821.966	13.839
822.042	13.765
822.118	13.679
822.194	13.582
822.270	13.481
822.346	13.379
822.422	13.273
822.498	13.159
822.574	13.035
822.650	12.903
822.726	12.767
822.802	12.632
822.878	12.509
822.954	12.417
823.030	12.369
823.106	12.368
823.182	12.406
823.258	12.467
823.334	12.538
823.410	12.619
823.486	12.717
823.562	12.833
823.638	12.964
823.714	13.108
823.790	13.257
823.866	13.402
823.942	13.527
824.018	13.619
824.094	13.676
824.170	13.705
824.246	13.721
824.322	13.737
824.398	13.758
824.474	13.781
824.550	13.801
824.626	13.816
824.702	13.832
824.778	13.854
824.854	13.887
824.930	13.924
825.006	13.955
825.082	13.970
825.158	13.966
825.234	13.944
825.310	13.911
825.386	13.873
825.462	13.830
825.538	13.781
825.614	13.724
825.690	13.660
825.766	13.590
825.842	13.518
825.918	13.452
825.994	13.402
826.070	13.375
826.146	13.373
826.222	13.393
826.298	13.430
826.374	13.480
826.450	13.536
826.526	13.593
826.602	13.649
826.678	13.701
826.754	13.750
826.830	13.792
826.906	13.823
826.982	13.832
827.058	13.806
827.134	13.731
827.210	13.605
827.286	13.443
827.362	13.271
827.438	13.116
827.514	13.001
827.590	12.932
827.666	12.899
827.742	12.884
827.818	12.876
827.894	12.882
827.970	12.921
828.046	12.970
828.122	12.894
828.198	12.502
828.274	11.776
828.350	10.897
828.426	10.078
828.502	9.444
828.578	9.025
828.654	8.791
828.730	8.693
828.806	8.670
828.882	8.689
828.958	8.773
829.034	8.968
829.110	9.298
829.186	9.732
829.262	10.161
829.338	10.431
829.414	10.439
829.490	10.227
829.566	9.941
829.642	9.717
829.718	9.606
829.794	9.609
829.870	9.697
829.946	9.851
830.022	10.087
830.098	10.436
830.174	10.910
830.250	11.497
830.326	12.141
830.402	12.755
830.478	13.233
830.554	13.511
830.630	13.623
830.706	13.663
830.782	13.691
830.858	13.715
830.934	13.738
831.010	13.757
831.086	13.767
831.162	13.764
831.238	13.746
831.314	13.719
831.390	13.685
831.466	13.650
831.542	13.618
831.618	13.591
831.694	13.568
831.770	13.551
831.846	13.541
831.922	13.543
831.998	13.561
832.074	13.592
832.150	13.631
832.226	13.670
832.302	13.700
832.378	13.723
832.454	13.740
832.530	13.758
832.606	13.780
832.682	13.807
832.758	13.836
832.834	13.864
832.910	13.889
832.986	13.911
833.062	13.926
833.138	13.935
833.214	13.938
833.290	13.935
833.366	13.925
833.442	13.907
833.518	13.878
833.594	13.834
833.670	13.750
833.746	13.579
833.822	13.290
833.898	12.907
833.974	12.495
834.050	12.130
834.126	11.859
834.202	11.694
834.278	11.622
834.354	11.607
834.430	11.615
834.506	11.659
834.582	11.781
834.658	12.007
834.734	12.338
834.810	12.740
834.886	13.146
834.962	13.472
835.038	13.674
835.114	13.772
835.190	13.820
835.266	13.865
835.342	13.913
835.418	13.957
835.494	13.985
835.570	13.997
835.646	13.999
835.722	13.996
835.798	13.993
835.874	13.985
835.950	13.969
836.026	13.943
836.102	13.911
836.178	13.883
836.254	13.865
836.330	13.858
836.406	13.863
836.482	13.872
836.558	13.881
836.634	13.889
836.710	13.902
836.786	13.920
836.862	13.944
836.938	13.970
837.014	13.992
837.090	14.007
837.166	14.014
837.242	14.014
837.318	14.012
837.394	14.011
837.470	14.012
837.546	14.017
837.622	14.025
837.698	14.028
837.774	14.016
837.850	13.986
837.926	13.941
838.002	13.888
838.078	13.841
838.154	13.808
838.230	13.791
838.306	13.786
838.382	13.789
838.458	13.796
838.534	13.812
838.610	13.842
838.686	13.885
838.762	13.937
838.838	13.987
838.914	14.027
838.990	14.052
839.066	14.061
839.142	14.057
839.218	14.046
839.294	14.028
839.370	14.004
839.446	13.973
839.522	13.940
839.598	13.906
839.674	13.878
839.750	13.858
839.826	13.849
839.902	13.848
839.978	13.854
840.054	13.857
840.130	13.849
840.206	13.820
840.282	13.769
840.358	13.701
840.434	13.625
840.510	13.551
840.586	13.488
840.662	13.438
840.738	13.403
840.814	13.381
840.890	13.375
840.966	13.389
841.042	13.419
841.118	13.463
841.194	13.516
841.270	13.570
841.346	13.620
841.422	13.660
841.498	13.685
841.574	13.696
841.650	13.697
841.726	13.690
841.802	13.682
841.878	13.677
841.954	13.672
842.030	13.661
842.106	13.640
842.182	13.608
842.258	13.564
842.334	13.511
842.410	13.456
842.486	13.409
842.562	13.379
842.638	13.370
842.714	13.378
842.790	13.396
842.866	13.414
842.942	13.423
843.018	13.427
843.094	13.436
843.170	13.456
843.246	13.488
843.322	13.526
843.398	13.561
843.474	13.588
843.550	13.611
843.626	13.639
843.702	13.678
843.778	13.727
843.854	13.782
843.930	13.834
844.006	13.876
844.082	13.906
844.158	13.925
844.234	13.937
844.310	13.946
844.386	13.951
844.462	13.954
844.538	13.957
844.614	13.958
844.690	13.953
844.766	13.944
844.842	13.931
844.918	13.917
844.994	13.904
845.070	13.894
845.146	13.888
845.222	13.885
845.298	13.882
845.374	13.881
845.450	13.884
845.526	13.892
845.602	13.904
845.678	13.918
845.754	13.931
845.830	13.940
845.906	13.944
845.982	13.945
846.058	13.943
846.134	13.940
846.210	13.934
846.286	13.922
846.362	13.904
846.438	13.882
846.514	13.859
846.590	13.839
846.666	13.824
846.742	13.815
846.818	13.809
846.894	13.806
846.970	13.807
847.046	13.814
847.122	13.828
847.198	13.848
847.274	13.871
847.350	13.893
847.426	13.909
847.502	13.918
847.578	13.919
847.654	13.915
847.730	13.909
847.806	13.903
847.882	13.897
847.958	13.892
848.034	13.887
848.110	13.883
848.186	13.879
848.262	13.876
848.338	13.873
848.414	13.870
848.490	13.867
848.566	13.865
848.642	13.861
848.718	13.856
848.794	13.850
848.870	13.843
848.946	13.837
849.022	13.831
849.098	13.822
849.174	13.806
849.250	13.780
849.326	13.746
849.402	13.709
849.478	13.677
849.554	13.655
849.630	13.643
849.706	13.636
849.782	13.630
849.858	13.623
849.934	13.617
850.010	13.617
850.086	13.624
850.162	13.638
850.238	13.653
850.314	13.667
850.390	13.675
850.466	13.679
850.542	13.682
850.618	13.686
850.694	13.690
850.770	13.691
850.846	13.687
850.922	13.677
850.998	13.663
851.074	13.648
851.150	13.635
851.226	13.625
851.302	13.617
851.378	13.611
851.454	13.606
851.530	13.602
851.606	13.602
851.682	13.604
851.758	13.605
851.834	13.601
851.910	13.590
851.986	13.572
852.062	13.550
852.138	13.531
852.214	13.518
852.290	13.515
852.366	13.521
852.442	13.535
852.518	13.555
852.594	13.580
852.670	13.609
852.746	13.640
852.822	13.669
852.898	13.692
852.974	13.709
853.050	13.720
853.126	13.724
853.202	13.725
853.278	13.725
853.354	13.725
853.430	13.725
853.506	13.723
853.582	13.719
853.658	13.713
853.734	13.707
853.810	13.700
853.886	13.694
853.962	13.688
854.038	13.681
854.114	13.654
854.190	13.578
854.266	13.437
854.342	13.238
854.418	13.013
854.494	12.806
854.570	12.646
854.646	12.545
854.722	12.498
854.798	12.484
854.874	12.487
854.950	12.517
855.026	12.600
855.102	12.746
855.178	12.945
855.254	13.169
855.330	13.376
855.406	13.528
855.482	13.611
855.558	13.640
855.634	13.643
855.710	13.642
855.786	13.640
855.862	13.639
855.938	13.638
856.014	13.636
856.090	13.635
856.166	13.634
856.242	13.633
856.318	13.632
856.394	13.631
856.470	13.629
856.546	13.626
856.622	13.622
856.698	13.618
856.774	13.614
856.850	13.609
856.926	13.604
857.002	13.600
857.078	13.596
857.154	13.592
857.230	13.588
857.306	13.584
857.382	13.581
857.458	13.577
857.534	13.575
857.610	13.573
857.686	13.572
857.762	13.570
857.838	13.569
857.914	13.568
857.990	13.567
858.066	13.560
858.142	13.538
858.218	13.488
858.294	13.410
858.370	13.313
858.446	13.212
858.522	13.126
858.598	13.064
858.674	13.028
858.750	13.011
858.826	13.004
858.902	13.006
858.978	13.026
859.054	13.069
859.130	13.132
859.206	13.208
859.282	13.280
859.358	13.336
859.434	13.370
859.510	13.382
859.586	13.384
859.662	13.384
859.738	13.387
859.814	13.396
859.890	13.412
859.966	13.432
860.042	13.453
860.118	13.471
860.194	13.483
860.270	13.489
860.346	13.490
860.422	13.489
860.498	13.487
860.574	13.483
860.650	13.479
860.726	13.473
860.802	13.468
860.878	13.462
860.954	13.457
861.030	13.452
861.106	13.448
861.182	13.445
861.258	13.441
861.334	13.437
861.410	13.431
861.486	13.418
861.562	13.380
861.638	13.291
861.714	13.142
861.790	12.948
861.866	12.740
861.942	12.555
862.018	12.412
862.094	12.282
862.170	12.115
862.246	11.881
862.322	11.598
862.398	11.324
862.474	11.125
862.550	11.032
862.626	11.034
862.702	11.085
862.778	11.134
862.854	11.155
862.930	11.179
863.006	11.262
863.082	11.444
863.158	11.720
863.234	12.041
863.310	12.342
863.386	12.564
863.462	12.697
863.538	12.786
863.614	12.882
863.690	13.002
863.766	13.124
863.842	13.225
863.918	13.281
863.994	13.268
864.070	13.183
864.146	13.044
864.222	12.876
864.298	12.705
864.374	12.554
864.450	12.438
864.526	12.360
864.602	12.312
864.678	12.282
864.754	12.262
864.830	12.250
864.906	12.242
864.982	12.235
865.058	12.235
865.134	12.246
865.210	12.270
865.286	12.302
865.362	12.335
865.438	12.365
865.514	12.396
865.590	12.444
865.666	12.527
865.742	12.643
865.818	12.745
865.894	12.753
865.970	12.621
866.046	12.369
866.122	12.060
866.198	11.778
866.274	11.567
866.350	11.403
866.426	11.224
866.502	10.994
866.578	10.735
866.654	10.509
866.730	10.378
866.806	10.367
866.882	10.444
866.958	10.531
867.034	10.556
867.110	10.504
867.186	10.428
867.262	10.408
867.338	10.497
867.414	10.684
867.490	10.905
867.566	11.083
867.642	11.185
867.718	11.239
867.794	11.313
867.870	11.462
867.946	11.691
868.022	11.952
868.098	12.186
868.174	12.359
868.250	12.473
868.326	12.563
868.402	12.668
868.478	12.786
868.554	12.888
868.630	12.950
868.706	12.964
868.782	12.937
868.858	12.893
868.934	12.856
869.010	12.834
869.086	12.823
869.162	12.820
869.238	12.822
869.314	12.834
869.390	12.858
869.466	12.896
869.542	12.941
869.618	12.985
869.694	13.019
869.770	13.040
869.846	13.047
869.922	13.045
869.998	13.041
870.074	13.038
870.150	13.035
870.226	13.032
870.302	13.030
870.378	13.028
870.454	13.025
870.530	13.023
870.606	13.020
870.682	13.016
870.758	13.013
870.834	13.009
870.910	13.006
870.986	13.004
871.062	13.002
871.138	13.001
871.214	13.000
871.290	12.999
871.366	12.998
871.442	12.996
871.518	12.993
871.594	12.991
871.670	12.988
871.746	12.985
871.822	12.982
871.898	12.979
871.974	12.976
872.050	12.973
872.126	12.971
872.202	12.969
872.278	12.967
872.354	12.965
872.430	12.963
872.506	12.960
872.582	12.958
872.658	12.954
872.734	12.951
872.810	12.948
872.886	12.944
872.962	12.941
873.038	12.937
873.114	12.933
873.190	12.929
873.266	12.925
873.342	12.920
873.418	12.916
873.494	12.912
873.570	12.908
873.646	12.905
873.722	12.899
873.798	12.889
873.874	12.869
873.950	12.839
874.026	12.803
874.102	12.765
874.178	12.733
874.254	12.709
874.330	12.691
874.406	12.674
874.482	12.654
874.558	12.632
874.634	12.616
874.710	12.612
874.786	12.622
874.862	12.643
874.938	12.667
875.014	12.684
875.090	12.691
875.166	12.682
875.242	12.660
875.318	12.616
875.394	12.528
875.470	12.379
875.546	12.174
875.622	11.943
875.698	11.723
875.774	11.541
875.850	11.383
875.926	11.191
876.002	10.902
876.078	10.516
876.154	10.106
876.230	9.758
876.306	9.523
876.382	9.414
876.458	9.411
876.534	9.467
876.610	9.537
876.686	9.624
876.762	9.777
876.838	10.044
876.914	10.446
876.990	10.970
877.066	11.545
877.142	12.065
877.218	12.431
877.294	12.618
877.370	12.685
877.446	12.709
877.522	12.719
877.598	12.720
877.674	12.716
877.750	12.712
877.826	12.708
877.902	12.702
877.978	12.696
878.054	12.688
878.130	12.676
878.206	12.660
878.282	12.642
878.358	12.624
878.434	12.609
878.510	12.597
878.586	12.589
878.662	12.584
878.738	12.581
878.814	12.580
878.890	12.583
878.966	12.590
879.042	12.601
879.118	12.614
879.194	12.626
879.270	12.634
879.346	12.638
879.422	12.638
879.498	12.636
879.574	12.633
879.650	12.631
879.726	12.628
879.802	12.625
879.878	12.622
879.954	12.618
880.030	12.615
880.106	12.611
880.182	12.607
880.258	12.603
880.334	12.599
880.410	12.595
880.486	12.591
880.562	12.587
880.638	12.583
880.714	12.579
880.790	12.575
880.866	12.571
880.942	12.567
881.018	12.563
881.094	12.559
881.170	12.555
881.246	12.552
881.322	12.548
881.398	12.544
881.474	12.540
881.550	12.537
881.626	12.534
881.702	12.530
881.778	12.523
881.854	12.508
881.930	12.318
882.006	11.458
882.082	9.874
882.158	8.230
882.234	6.943
882.310	6.050
882.386	5.483
882.462	5.157
882.538	4.996
882.614	4.936
882.690	4.929
882.766	4.963
882.842	5.079
882.918	5.339
882.994	5.814
883.070	6.587
883.146	7.741
883.222	9.292
883.298	10.964
883.374	12.071
883.450	12.370
883.526	12.372
883.602	12.369
883.678	12.368
883.754	12.367
883.830	12.365
883.906	12.365
883.982	12.369
884.058	12.376
884.134	12.387
884.210	12.398
884.286	12.406
884.362	12.408
884.438	12.403
884.514	12.389
884.590	12.369
884.666	12.345
884.742	12.323
884.818	12.304
884.894	12.291
884.970	12.284
885.046	12.279
885.122	12.275
885.198	12.273
885.274	12.276
885.350	12.286
885.426	12.300
885.502	12.316
885.578	12.330
885.654	12.339
885.730	12.342
885.806	12.340
885.882	12.336
885.958	12.326
886.034	12.306
886.110	12.270
886.186	12.222
886.262	12.166
886.338	12.113
886.414	12.071
886.490	12.044
886.566	12.031
886.642	12.027
886.718	12.028
886.794	12.037
886.870	12.058
886.946	12.094
887.022	12.140
887.098	12.188
887.174	12.230
887.250	12.257
887.326	12.270
887.402	12.271
887.478	12.267
887.554	12.260
887.630	12.253
887.706	12.240
887.782	12.172
887.858	11.931
887.934	11.430
888.010	10.740
888.086	10.025
888.162	9.414
888.238	8.968
888.314	8.694
888.390	8.563
888.466	0.000
891.050	0.000
891.126	8.594
891.202	11.447
891.278	11.412
891.354	11.326
891.430	11.181
891.506	10.992
891.582	10.790
891.658	10.612
891.734	10.481
891.810	10.403
891.886	10.369
891.962	10.358
892.038	10.362
892.114	10.394
892.190	10.474
892.266	10.607
892.342	10.782
892.418	10.970
892.494	11.134
892.570	11.246
892.646	11.296
892.722	11.302
892.798	11.291
892.874	11.278
892.950	11.266
893.026	11.254
893.102	11.241
893.178	11.229
893.254	11.217
893.330	11.205
893.406	11.194
893.482	11.185
893.558	11.176
893.634	11.139
893.710	11.025
893.786	10.794
893.862	10.461
893.938	10.091
894.014	9.753
894.090	9.493
894.166	9.326
894.242	9.242
894.318	9.212
894.394	9.204
894.470	9.228
894.546	9.316
894.622	9.488
894.698	9.746
894.774	10.063
894.850	10.384
894.926	10.636
895.002	10.780
895.078	10.823
895.154	10.807
895.230	10.775
895.306	10.744
895.382	10.715
895.458	10.689
895.534	10.667
895.610	10.647
895.686	10.628
895.762	10.610
895.838	10.590
895.914	10.568
895.990	10.542
896.066	10.512
896.142	10.480
896.218	10.446
896.294	10.413
896.370	10.381
896.446	10.351
896.522	10.323
896.598	10.297
896.674	10.273
896.750	10.249
896.826	10.225
896.902	10.199
896.978	10.171
897.054	10.144
897.130	10.117
897.206	10.092
897.282	10.070
897.358	10.050
897.434	10.027
897.510	10.000
897.586	9.967
897.662	9.933
897.738	9.907
897.814	9.894
897.890	9.892
897.966	9.896
898.042	9.896
898.118	9.886
898.194	9.869
898.270	9.857
898.346	9.852
898.422	9.847
898.498	9.832
898.574	9.796
898.650	9.736
898.726	9.655
898.802	9.564
898.878	9.477
898.954	9.408
899.030	9.368
899.106	9.359
899.182	9.374
899.258	9.400
899.334	9.436
899.410	9.505
899.486	9.638
899.562	9.847
899.638	10.121
899.714	10.393
899.790	10.531
899.866	10.487
899.942	10.375
900.018	10.010
900.094	8.512
900.170	6.490
900.246	5.370
900.322	5.169
900.398	5.424
900.474	5.883
900.550	6.771
900.626	8.233
900.702	9.228
900.778	9.501
900.854	9.537
900.930	9.311
901.006	9.159
901.082	9.282
901.158	9.634
901.234	9.849
901.310	9.738
901.386	9.578
901.462	9.553
901.538	9.686
901.614	9.973
901.690	10.121
901.766	9.673
901.842	8.898
901.918	8.518
901.994	8.658
902.070	9.221
902.146	9.841
902.222	10.132
902.298	10.134
902.374	9.869
902.450	9.522
902.526	9.422
902.602	9.473
902.678	9.293
902.754	8.913
902.830	8.741
902.906	8.919
902.982	9.412
903.058	9.917
903.134	10.085
903.210	9.931
903.286	9.689
903.362	9.597
903.438	9.681
903.514	9.874
903.590	10.058
903.666	10.111
903.742	9.907
903.818	9.242
903.894	8.593
903.970	8.380
904.046	8.366
904.122	8.421
904.198	8.840
904.274	9.534
904.350	9.766
904.426	9.598
904.502	9.573
904.578	9.680
904.654	9.876
904.730	10.076
904.806	10.120
904.882	9.909
904.958	9.373
905.034	8.824
905.110	8.600
905.186	8.578
905.262	8.663
905.338	8.992
905.414	9.423
905.490	9.623
905.566	9.669
905.642	9.758
905.718	9.918
905.794	10.069
905.870	10.118
905.946	10.122
906.022	10.126
906.098	10.065
906.174	9.925
906.250	9.786
906.326	9.691
906.402	9.639
906.478	9.553
906.554	9.440
906.630	9.441
906.706	9.560
906.782	9.761
906.858	9.977
906.934	9.993
907.010	9.546
907.086	8.889
907.162	8.617
907.238	8.700
907.314	8.904
907.390	9.102
907.466	9.138
907.542	9.086
907.618	9.165
907.694	9.388
907.770	9.598
907.846	9.814
907.922	10.011
907.998	9.931
908.074	9.474
908.150	8.891
908.226	8.363
908.302	8.118
908.378	8.430
908.454	8.988
908.530	9.500
908.606	9.897
908.682	10.008
908.758	9.724
908.834	9.238
908.910	8.979
908.986	9.044
909.062	9.276
909.138	9.485
909.214	9.499
909.290	9.334
909.366	9.155
909.442	9.041
909.518	8.947
909.594	8.906
909.670	9.066
909.746	9.401
909.822	9.667
909.898	9.813
909.974	9.881
910.050	9.639
910.126	9.024
910.202	8.489
910.278	8.340
910.354	8.528
910.430	8.938
910.506	9.294
910.582	9.412
910.658	9.390
910.734	9.342
910.810	9.126
910.886	8.750
910.962	8.593
911.038	8.768
911.114	9.149
911.190	9.568
911.266	9.825
911.342	9.913
911.418	9.928
911.494	9.928
911.570	9.919
911.646	9.865
911.722	9.786
911.798	9.693
911.874	9.456
911.950	9.021
912.026	8.606
912.102	8.501
912.178	8.771
912.254	9.230
912.330	9.634
912.406	9.845
912.482	9.847
912.558	9.718
912.634	9.600
912.710	9.584
912.786	9.664
912.862	9.688
912.938	9.464
913.014	9.109
913.090	8.758
913.166	8.368
913.242	8.175
913.318	8.273
913.394	8.547
913.470	8.994
913.546	9.316
913.622	9.331
913.698	9.026
913.774	8.382
913.850	7.908
913.926	8.007
914.002	8.523
914.078	9.184
914.154	9.612
914.230	9.695
914.306	9.673
914.382	9.678
914.458	9.679
914.534	9.619
914.610	9.530
914.686	9.498
914.762	9.533
914.838	9.621
914.914	9.715
914.990	9.751
915.066	9.710
915.142	9.600
915.218	9.476
915.294	9.285
915.370	8.886
915.446	8.458
915.522	8.337
915.598	8.416
915.674	8.345
915.750	8.123
915.826	8.050
915.902	8.318
915.978	8.901
916.054	9.409
916.130	9.501
916.206	9.336
916.282	9.191
916.358	9.157
916.434	9.228
916.510	9.346
916.586	9.439
916.662	9.527
916.738	9.635
916.814	9.694
916.890	9.599
916.966	9.365
917.042	9.157
917.118	9.109
917.194	9.250
917.270	9.427
917.346	9.457
917.422	9.310
917.498	8.871
917.574	8.274
917.650	8.018
917.726	8.128
917.802	8.392
917.878	8.708
917.954	8.908
918.030	9.029
918.106	9.229
918.182	9.408
918.258	9.464
918.334	9.501
918.410	9.543
918.486	9.542
918.562	9.406
918.638	9.186
918.714	9.087
918.790	9.160
918.866	9.360
918.942	9.583
919.018	9.698
919.094	9.709
919.170	9.683
919.246	9.639
919.322	9.549
919.398	9.469
919.474	9.491
919.550	9.552
919.626	9.397
919.702	8.975
919.778	8.647
919.854	8.644
919.930	8.949
920.006	9.360
920.082	9.590
920.158	9.635
920.234	9.642
920.310	9.671
920.386	9.709
920.462	9.724
920.538	9.710
920.614	9.670
920.690	9.611
920.766	9.527
920.842	9.444
920.918	9.406
920.994	9.418
921.070	9.479
921.146	9.561
921.222	9.625
921.298	9.661
921.374	9.613
921.450	9.503
921.526	9.384
921.602	9.275
921.678	9.266
921.754	9.307
921.830	9.201
921.906	9.036
921.982	9.013
922.058	9.128
922.134	9.352
922.210	9.563
922.286	9.579
922.362	9.487
922.438	9.453
922.514	9.454
922.590	9.377
922.666	9.245
922.742	9.188
922.818	9.248
922.894	9.415
922.970	9.553
923.046	9.516
923.122	9.394
923.198	9.324
923.274	9.335
923.350	9.382
923.426	9.422
923.502	9.447
923.578	9.376
923.654	9.250
923.730	9.207
923.806	9.219
923.882	9.240
923.958	9.254
924.034	9.237
924.110	9.223
924.186	9.265
924.262	9.360
924.338	9.440
924.414	9.467
924.490	9.443
924.566	9.349
924.642	9.200
924.718	8.994
924.794	8.803
924.870	8.823
924.946	9.010
925.022	9.237
925.098	9.419
925.174	9.413
925.250	9.290
925.326	9.223
925.402	9.219
925.478	9.259
925.554	9.324
925.630	9.372
925.706	9.410
925.782	9.442
925.858	9.465
925.934	9.487
926.010	9.474
926.086	9.411
926.162	9.296
926.238	9.150
926.314	9.020
926.390	8.948
926.466	8.999
926.542	9.150
926.618	9.321
926.694	9.445
926.770	9.486
926.846	9.491
926.922	9.497
926.998	9.484
927.074	9.440
927.150	9.393
927.226	9.383
927.302	9.380
927.378	9.293
927.454	9.152
927.530	9.069
927.606	9.057
927.682	9.122
927.758	9.188
927.834	9.158
927.910	9.069
927.986	8.775
928.062	8.249
928.138	7.904
928.214	7.954
928.290	8.336
928.366	8.829
928.442	9.156
928.518	9.241
928.594	9.074
928.670	8.773
928.746	8.483
928.822	8.308
928.898	8.392
928.974	8.570
929.050	8.711
929.126	8.864
929.202	8.941
929.278	8.981
929.354	9.035
929.430	9.017
929.506	8.921
929.582	8.665
929.658	8.350
929.734	8.289
929.810	8.354
929.886	8.278
929.962	8.139
930.038	8.136
930.114	8.201
930.190	8.105
930.266	7.887
930.342	7.796
930.418	7.984
930.494	8.214
930.570	8.045
930.646	7.345
930.722	6.485
930.798	5.960
930.874	5.686
930.950	5.332
931.026	4.938
931.102	4.917
931.178	5.499
931.254	5.626
931.330	4.775
931.406	4.262
931.482	4.175
931.558	4.207
931.634	4.212
931.710	4.341
931.786	4.853
931.862	5.209
931.938	5.194
932.014	5.736
932.090	6.423
932.166	6.766
932.242	6.296
932.318	5.308
932.394	4.078
932.470	3.227
932.546	2.833
932.622	2.547
932.698	2.495
932.774	3.123
932.850	4.805
932.926	6.873
933.002	7.472
933.078	7.880
933.154	8.089
933.230	8.013
933.306	7.742
933.382	7.595
933.458	7.320
933.534	6.611
933.610	5.868
933.686	5.396
933.762	5.352
933.838	5.698
933.914	5.926
933.990	5.821
934.066	5.583
934.142	5.674
934.218	6.391
934.294	7.200
934.370	7.279
934.446	6.378
934.522	4.801
934.598	3.408
934.674	3.022
934.750	3.684
934.826	4.928
934.902	6.254
934.978	7.423
935.054	8.282
935.130	8.600
935.206	8.561
935.282	8.554
935.358	8.538
935.434	8.132
935.510	6.966
935.586	5.464
935.662	4.843
935.738	5.479
935.814	6.456
935.890	6.650
935.966	5.737
936.042	4.744
936.118	4.874
936.194	5.922
936.270	7.114
936.346	7.939
936.422	8.284
936.498	8.367
936.574	8.131
936.650	7.531
936.726	6.770
936.802	6.096
936.878	6.153
936.954	6.767
937.030	7.033
937.106	6.778
937.182	6.140
937.258	5.088
937.334	4.395
937.410	4.533
937.486	4.951
937.562	4.856
937.638	4.066
937.714	3.459
937.790	3.163
937.866	2.840
937.942	2.594
938.018	2.933
938.094	4.326
938.170	6.193
938.246	5.825
938.322	4.854
938.398	4.448
938.474	4.989
938.550	6.001
938.626	6.921
938.702	7.310
938.778	6.881
938.854	5.924
938.930	5.290
939.006	5.526
939.082	6.666
939.158	8.049
939.234	8.714
939.310	8.699
939.386	8.583
939.462	8.571
939.538	8.584
939.614	8.595
939.690	8.566
939.766	8.455
939.842	8.480
939.918	8.606
939.994	8.357
940.070	7.785
940.146	6.976
940.222	5.674
940.298	4.960
940.374	4.975
940.450	5.066
940.526	5.159
940.602	5.815
940.678	7.219
940.754	8.233
940.830	8.373
940.906	8.473
940.982	8.469
941.058	8.321
941.134	7.821
941.210	6.959
941.286	6.491
941.362	6.676
941.438	7.152
941.514	7.593
941.590	7.833
941.666	8.007
941.742	8.248
941.818	8.332
941.894	7.460
941.970	5.720
942.046	4.730
942.122	4.681
942.198	4.976
942.274	5.073
942.350	5.287
942.426	6.150
942.502	7.030
942.578	7.516
942.654	8.073
942.730	8.233
942.806	7.529
942.882	6.138
942.958	4.736
943.034	4.230
943.110	4.818
943.186	5.598
943.262	6.232
943.338	6.867
943.414	7.468
943.490	8.101
943.566	8.619
943.642	8.822
943.718	8.885
943.794	8.838
943.870	7.726
943.946	5.342
944.022	3.753
944.098	3.056
944.174	2.680
944.250	2.422
944.326	2.386
944.402	2.976
944.478	4.436
944.554	5.679
944.630	6.475
944.706	6.863
944.782	6.940
944.858	7.126
944.934	7.472
945.010	7.719
945.086	7.740
945.162	7.648
945.238	7.675
945.314	7.938
945.390	8.326
945.466	8.517
945.542	8.206
945.618	7.547
945.694	6.769
945.770	5.601
945.846	4.486
945.922	4.199
945.998	4.423
946.074	4.562
946.150	4.253
946.226	3.904
946.302	4.170
946.378	5.186
946.454	6.345
946.530	7.454
946.606	8.069
946.682	8.132
946.758	8.044
946.834	8.068
946.910	8.133
946.986	7.983
947.062	7.386
947.138	6.618
947.214	6.321
947.290	6.729
947.366	7.529
947.442	8.257
947.518	8.421
947.594	7.104
947.670	4.644
947.746	3.271
947.822	2.981
947.898	3.250
947.974	3.670
948.050	4.193
948.126	5.013
948.202	6.010
948.278	5.764
948.354	4.592
948.430	4.537
948.506	5.589
948.582	6.836
948.658	7.813
948.734	8.284
948.810	8.288
948.886	8.167
948.962	8.192
949.038	8.344
949.114	8.518
949.190	8.646
949.266	8.667
949.342	8.628
949.418	8.414
949.494	7.633
949.570	6.384
949.646	5.533
949.722	5.597
949.798	6.172
949.874	6.596
949.950	6.711
950.026	6.676
950.102	6.655
950.178	6.356
950.254	5.009
950.330	3.523
950.406	3.240
950.482	3.918
950.558	4.907
950.634	5.631
950.710	6.289
950.786	7.186
950.862	7.779
950.938	8.023
951.014	8.305
951.090	8.473
951.166	8.389
951.242	8.183
951.318	8.117
951.394	8.148
951.470	8.092
951.546	7.869
951.622	7.674
951.698	7.669
951.774	7.493
951.850	6.319
951.926	4.390
952.002	3.235
952.078	2.981
952.154	3.246
952.230	3.557
952.306	3.863
952.382	4.553
952.458	5.604
952.534	6.119
952.610	6.370
952.686	6.734
952.762	7.152
952.838	7.403
952.914	7.407
952.990	7.188
953.066	6.826
953.142	6.757
953.218	7.102
953.294	7.529
953.370	7.869
953.446	7.996
953.522	8.002
953.598	8.081
953.674	7.913
953.750	7.414
953.826	7.097
953.902	7.099
953.978	7.359
954.054	7.823
954.130	8.134
954.206	8.006
954.282	7.709
954.358	7.622
954.434	7.544
954.510	7.083
954.586	6.360
954.662	5.854
954.738	5.877
954.814	6.519
954.890	7.295
954.966	7.624
955.042	7.629
955.118	7.624
955.194	7.121
955.270	5.958
955.346	5.182
955.422	4.752
955.498	4.284
955.574	3.938
955.650	4.249
955.726	5.493
955.802	6.522
955.878	6.451
955.954	6.279
956.030	6.403
956.106	7.002
956.182	7.741
956.258	8.249
956.334	8.353
956.410	8.067
956.486	7.574
956.562	7.067
956.638	6.513
956.714	5.245
956.790	3.873
956.866	3.253
956.942	3.226
957.018	3.453
957.094	3.983
957.170	5.024
957.246	6.409
957.322	7.151
957.398	7.262
957.474	7.474
957.550	7.834
957.626	8.182
957.702	8.326
957.778	8.300
957.854	8.206
957.930	8.200
958.006	8.230
958.082	7.968
958.158	7.341
958.234	6.575
958.310	6.030
958.386	6.172
958.462	6.808
958.538	7.468
958.614	7.966
958.690	8.130
958.766	8.046
958.842	7.964
958.918	7.855
958.994	7.470
959.070	6.728
959.146	5.999
959.222	5.569
959.298	5.427
959.374	5.571
959.450	5.916
959.526	6.286
959.602	6.618
959.678	6.985
959.754	7.255
959.830	7.356
959.906	7.332
959.982	7.033
960.058	6.686
960.134	6.681
960.210	6.924
960.286	7.311
960.362	7.724
960.438	7.962
960.514	8.029
960.590	7.819
960.666	7.306
960.742	6.722
960.818	6.168
960.894	5.916
960.970	6.065
961.046	6.320
961.122	6.489
961.198	6.820
961.274	7.393
961.350	7.778
961.426	8.003
961.502	8.156
961.578	7.979
961.654	7.544
961.730	7.225
961.806	7.267
961.882	7.518
961.958	7.753
962.034	7.727
962.110	7.029
962.186	6.059
962.262	5.471
962.338	5.222
962.414	5.303
962.490	5.892
962.566	6.786
962.642	7.376
962.718	7.308
962.794	6.996
962.870	6.933
962.946	7.131
963.022	7.435
963.098	7.714
963.174	7.854
963.250	7.964
963.326	8.105
963.402	8.198
963.478	8.229
963.554	8.234
963.630	8.186
963.706	7.935
963.782	7.401
963.858	6.605
963.934	5.930
964.010	5.972
964.086	6.525
964.162	7.032
964.238	7.337
964.314	7.472
964.390	7.496
964.466	7.590
964.542	7.724
964.618	7.495
964.694	6.937
964.770	6.489
964.846	6.351
964.922	6.645
964.998	7.174
965.074	7.601
965.150	7.839
965.226	7.937
965.302	7.935
965.378	7.754
965.454	7.499
965.530	7.365
965.606	7.358
965.682	7.496
965.758	7.684
965.834	7.639
965.910	7.361
965.986	7.157
966.062	7.092
966.138	7.103
966.214	7.084
966.290	6.903
966.366	6.643
966.442	6.460
966.518	6.445
966.594	6.595
966.670	6.911
966.746	7.274
966.822	7.090
966.898	6.208
966.974	5.546
967.050	5.345
967.126	5.275
967.202	5.267
967.278	5.712
967.354	6.649
967.430	7.088
967.506	7.013
967.582	7.028
967.658	7.057
967.734	7.124
967.810	7.416
967.886	7.850
967.962	8.032
968.038	7.803
968.114	7.166
968.190	6.127
968.266	4.915
968.342	4.183
968.418	4.126
968.494	4.450
968.570	4.886
968.646	5.697
968.722	7.043
968.798	7.893
968.874	0.000
971.458	0.000
971.534	6.604
971.610	7.068
971.686	7.564
971.762	7.707
971.838	7.716
971.914	6.717
971.990	4.826
972.066	3.832
972.142	3.556
972.218	3.540
972.294	3.656
972.370	4.279
972.446	5.939
972.522	7.728
972.598	7.697
972.674	7.662
972.750	7.797
972.826	7.994
972.902	8.111
972.978	8.147
973.054	8.157
973.130	8.136
973.206	8.066
973.282	8.009
973.358	8.012
973.434	8.071
973.510	8.110
973.586	7.970
973.662	7.680
973.738	6.892
973.814	5.385
973.890	4.432
973.966	4.281
974.042	4.501
974.118	4.926
974.194	5.778
974.270	7.145
974.346	8.062
974.422	7.991
974.498	7.689
974.574	7.420
974.650	7.272
974.726	7.297
974.802	7.487
974.878	7.672
974.954	7.768
975.030	7.676
975.106	7.420
975.182	7.285
975.258	7.380
975.334	7.699
975.410	8.019
975.486	7.944
975.562	7.618
975.638	7.428
975.714	7.428
975.790	7.578
975.866	7.572
975.942	7.277
976.018	7.110
976.094	7.223
976.170	7.536
976.246	7.891
976.322	8.003
976.398	7.737
976.474	7.330
976.550	7.131
976.626	7.153
976.702	7.371
976.778	7.677
976.854	7.861
976.930	7.950
977.006	7.996
977.082	7.997
977.158	7.994
977.234	8.012
977.310	8.047
977.386	8.073
977.462	8.037
977.538	7.928
977.614	7.830
977.690	7.800
977.766	7.789
977.842	7.789
977.918	7.819
977.994	7.821
978.070	7.762
978.146	7.705
978.222	7.704
978.298	7.709
978.374	7.632
978.450	7.512
978.526	7.462
978.602	7.532
978.678	7.718
978.754	7.892
978.830	7.886
978.906	7.301
978.982	5.991
979.058	4.162
979.134	2.699
979.210	2.037
979.286	1.827
979.362	1.797
979.438	1.837
979.514	2.223
979.590	3.694
979.666	6.444
979.742	6.394
979.818	6.490
979.894	6.143
979.970	4.974
980.046	4.111
980.122	3.817
980.198	3.756
980.274	3.754
980.350	4.218
980.426	5.574
980.502	6.951
980.578	7.270
980.654	7.535
980.730	7.691
980.806	7.715
980.882	7.628
980.958	7.515
981.034	7.463
981.110	7.374
981.186	7.010
981.262	6.478
981.338	6.130
981.414	6.008
981.490	6.019
981.566	6.267
981.642	6.857
981.718	7.468
981.794	7.673
981.870	7.637
981.946	7.593
982.022	7.597
982.098	7.642
982.174	7.717
982.250	7.761
982.326	7.731
982.402	7.677
982.478	7.616
982.554	7.553
982.630	7.481
982.706	7.388
982.782	7.194
982.858	6.740
982.934	6.340
983.010	6.262
983.086	6.316
983.162	6.426
983.238	6.804
983.314	7.337
983.390	7.534
983.466	7.498
983.542	7.529
983.618	7.612
983.694	7.686
983.770	7.694
983.846	7.681
983.922	7.679
983.998	7.688
984.074	7.698
984.150	7.694
984.226	7.687
984.302	7.679
984.378	7.627
984.454	7.545
984.530	7.480
984.606	7.450
984.682	7.473
984.758	7.396
984.834	6.727
984.910	5.652
984.986	4.931
985.062	4.677
985.138	4.676
985.214	4.922
985.290	5.704
985.366	6.934
985.442	7.597
985.518	7.623
985.594	7.623
985.670	7.619
985.746	7.615
985.822	7.602
985.898	7.585
985.974	7.579
986.050	7.581
986.126	7.589
986.202	7.594
986.278	7.588
986.354	7.581
986.430	7.577
986.506	7.577
986.582	7.576
986.658	7.561
986.734	7.541
986.810	7.528
986.886	7.512
986.962	7.497
987.038	7.491
987.114	7.295
987.190	5.490
987.266	3.535
987.342	2.725
987.418	2.527
987.494	2.520
987.570	2.622
987.646	3.184
987.722	4.894
987.798	7.315
987.874	7.479
987.950	7.491
988.026	7.477
988.102	7.467
988.178	7.466
988.254	7.473
988.330	7.481
988.406	7.481
988.482	7.477
988.558	7.470
988.634	7.461
988.710	7.451
988.786	7.444
988.862	7.442
988.938	7.440
989.014	7.437
989.090	7.434
989.166	7.431
989.242	7.427
989.318	7.423
989.394	7.037
989.470	5.868
989.546	4.858
989.622	4.441
989.698	4.356
989.774	4.435
989.850	4.882
989.926	5.915
990.002	7.001
990.078	7.300
990.154	7.285
990.230	7.281
990.306	7.296
990.382	7.322
990.458	7.343
990.534	7.350
990.610	7.349
990.686	7.344
990.762	7.340
990.838	7.338
990.914	7.336
990.990	7.330
991.066	7.323
991.142	7.314
991.218	7.305
991.294	7.301
991.370	6.909
991.446	4.963
991.522	3.243
991.598	2.544
991.674	2.371
991.750	2.379
991.826	2.521
991.902	3.123
991.978	4.844
992.054	7.159
992.130	7.255
992.206	7.242
992.282	7.234
992.358	7.233
992.434	7.237
992.510	7.242
992.586	7.244
992.662	7.240
992.738	7.219
992.814	7.179
992.890	7.151
992.966	7.145
993.042	7.160
993.118	7.185
993.194	7.198
993.270	7.196
993.346	7.192
993.422	7.189
993.498	7.186
993.574	7.180
993.650	7.172
993.726	7.165
993.802	7.160
993.878	7.157
993.954	7.157
994.030	7.154
994.106	6.436
994.182	4.704
994.258	3.545
994.334	3.106
994.410	3.014
994.486	2.980
994.562	2.898
994.638	2.847
994.714	2.790
994.790	2.624
994.866	2.519
994.942	2.674
995.018	3.088
995.094	3.583
995.170	4.232
995.246	5.219
995.322	6.109
995.398	6.611
995.474	6.922
995.550	7.042
995.626	5.559
995.702	3.540
995.778	2.680
995.854	2.468
995.930	2.461
996.006	2.553
996.082	3.048
996.158	4.075
996.234	3.699
996.310	2.919
996.386	2.715
996.462	2.727
996.538	2.859
996.614	3.438
996.690	5.030
996.766	6.911
996.842	6.994
996.918	6.983
996.994	6.977
997.070	6.973
997.146	6.919
997.222	6.600
997.298	6.005
997.374	5.553
997.450	5.410
997.526	5.427
997.602	5.597
997.678	6.064
997.754	6.635
997.830	6.831
997.906	6.773
997.982	6.738
998.058	6.734
998.134	6.766
998.210	6.824
998.286	6.877
998.362	6.902
998.438	6.907
998.514	6.900
998.590	6.890
998.666	6.882
998.742	6.878
998.818	6.877
998.894	6.876
998.970	6.873
999.046	6.868
999.122	6.863
999.198	6.859
999.274	6.855
999.350	6.850
999.426	6.838
999.502	6.823
999.578	6.814
999.654	6.813
999.730	6.818
999.806	6.824
999.882	6.823
999.958	6.370
1000.034	5.190
1000.110	4.346
1000.186	4.094
1000.262	4.083
1000.338	4.193
1000.414	4.747
1000.490	5.905
1000.566	6.724
1000.642	6.756
1000.718	6.761
1000.794	6.761
1000.870	6.756
1000.946	6.750
1001.022	6.745
1001.098	6.392
1001.174	5.390
1001.250	3.827
1001.326	2.489
1001.402	1.873
1001.478	1.675
1001.554	1.646
1001.630	1.712
1001.706	2.005
1001.782	2.814
1001.858	4.383
1001.934	5.870
1002.010	6.585
1002.086	6.504
1002.162	6.114
1002.238	5.698
1002.314	5.541
1002.390	5.529
1002.466	5.414
1002.542	4.986
1002.618	4.447
1002.694	4.144
1002.770	4.070
1002.846	4.141
1002.922	4.516
1002.998	5.377
1003.074	6.304
1003.150	6.600
1003.226	6.601
1003.302	6.595
1003.378	6.588
1003.454	6.582
1003.530	6.578
1003.606	6.576
1003.682	6.574
1003.758	6.530
1003.834	6.364
1003.910	6.167
1003.986	6.084
1004.062	6.078
1004.138	6.119
1004.214	6.264
1004.290	6.117
1004.366	5.211
1004.442	4.452
1004.518	4.212
1004.594	4.203
1004.670	4.309
1004.746	4.807
1004.822	5.793
1004.898	6.457
1004.974	6.488
1005.050	6.483
1005.126	6.478
1005.202	6.474
1005.278	6.471
1005.354	6.466
1005.430	6.453
1005.506	6.435
1005.582	6.423
1005.658	6.420
1005.734	6.423
1005.810	6.401
1005.886	6.207
1005.962	5.776
1006.038	5.033
1006.114	4.014
1006.190	3.365
1006.266	3.197
1006.342	3.257
1006.418	3.433
1006.494	4.004
1006.570	5.277
1006.646	6.283
1006.722	6.095
1006.798	5.791
1006.874	5.613
1006.950	5.566
1007.026	5.495
1007.102	5.221
1007.178	4.822
1007.254	4.561
1007.330	4.488
1007.406	4.538
1007.482	4.809
1007.558	5.416
1007.634	6.063
1007.710	6.295
1007.786	6.297
1007.862	6.285
1007.938	6.268
1008.014	6.257
1008.090	6.254
1008.166	5.878
1008.242	4.684
1008.318	3.642
1008.394	3.181
1008.470	3.072
1008.546	3.116
1008.622	3.406
1008.698	4.219
1008.774	5.517
1008.850	6.200
1008.926	6.201
1009.002	6.184
1009.078	6.170
1009.154	6.163
1009.230	6.162
1009.306	6.154
1009.382	6.138
1009.458	6.125
1009.534	6.123
1009.610	6.099
1009.686	5.996
1009.762	5.856
1009.838	5.773
1009.914	5.754
1009.990	5.774
1010.066	5.866
1010.142	6.011
1010.218	6.102
1010.294	5.701
1010.370	4.599
1010.446	3.799
1010.522	3.535
1010.598	3.506
1010.674	3.591
1010.750	4.047
1010.826	5.066
1010.902	5.954
1010.978	6.079
1011.054	6.079
1011.130	6.073
1011.206	6.067
1011.282	6.061
1011.358	6.055
1011.434	6.050
1011.510	6.045
1011.586	6.039
1011.662	6.031
1011.738	6.021
1011.814	6.014
1011.890	6.009
1011.966	6.005
1012.042	5.995
1012.118	5.983
1012.194	5.948
1012.270	5.840
1012.346	4.475
1012.422	2.808
1012.498	2.115
1012.574	1.942
1012.650	1.937
1012.726	2.014
1012.802	2.432
1012.878	3.742
1012.954	5.784
1013.030	5.938
1013.106	5.933
1013.182	5.868
1013.258	5.616
1013.334	5.263
1013.410	5.044
1013.486	4.984
1013.562	5.012
1013.638	5.181
1013.714	5.513
1013.790	5.796
1013.866	5.878
1013.942	5.876
1014.018	5.871
1014.094	5.865
1014.170	5.859
1014.246	5.845
1014.322	5.787
1014.398	5.647
1014.474	5.496
1014.550	5.421
1014.626	5.383
1014.702	5.370
1014.778	5.447
1014.854	5.440
1014.930	5.040
1015.006	4.610
1015.082	4.473
1015.158	4.479
1015.234	4.311
1015.310	3.786
1015.386	3.321
1015.462	3.152
1015.538	3.133
1015.614	3.219
1015.690	3.682
1015.766	4.693
1015.842	5.108
1015.918	4.448
1015.994	3.992
1016.070	3.860
1016.146	3.882
1016.222	4.069
1016.298	4.597
1016.374	5.197
1016.450	4.965
1016.526	4.437
1016.602	4.233
1016.678	4.207
1016.754	4.270
1016.830	4.606
1016.906	5.213
1016.982	5.600
1017.058	5.624
1017.134	4.369
1017.210	2.698
1017.286	1.975
1017.362	1.762
1017.438	1.731
1017.514	1.784
1017.590	2.092
1017.666	3.036
1017.742	4.811
1017.818	5.545
1017.894	5.575
1017.970	5.580
1018.046	5.126
1018.122	4.026
1018.198	3.302
1018.274	3.090
1018.350	3.078
1018.426	3.164
1018.502	3.622
1018.578	4.661
1018.654	5.489
1018.730	5.523
1018.806	5.518
1018.882	5.393
1018.958	4.129
1019.034	2.683
1019.110	2.066
1019.186	1.908
1019.262	1.899
1019.338	1.981
1019.414	2.406
1019.490	3.664
1019.566	5.363
1019.642	5.458
1019.718	5.457
1019.794	5.451
1019.870	5.440
1019.946	5.411
1020.022	5.359
1020.098	5.310
1020.174	5.288
1020.250	4.539
1020.326	3.175
1020.402	2.474
1020.478	2.291
1020.554	2.283
1020.630	2.361
1020.706	2.793
1020.782	3.978
1020.858	4.985
1020.934	4.193
1021.010	3.535
1021.086	2.750
1021.162	1.855
1021.238	1.443
1021.314	1.356
1021.390	1.381
1021.466	1.453
1021.542	1.782
1021.618	2.902
1021.694	5.149
1021.770	5.289
1021.846	5.288
1021.922	5.287
1021.998	5.285
1022.074	5.280
1022.150	5.274
1022.226	5.267
1022.302	5.261
1022.378	5.253
1022.454	5.240
1022.530	4.771
1022.606	3.680
1022.682	2.951
1022.758	2.703
1022.834	2.665
1022.910	2.732
1022.986	3.068
1023.062	3.574
1023.138	3.436
1023.214	3.058
1023.290	2.939
1023.366	2.961
1023.442	3.152
1023.518	3.720
1023.594	4.633
1023.670	5.133
1023.746	5.136
1023.822	5.118
1023.898	5.103
1023.974	5.097
1024.050	5.099
1024.126	5.105
1024.202	5.108
1024.278	5.104
1024.354	5.099
1024.430	5.093
1024.506	5.087
1024.582	5.081
1024.658	5.075
1024.734	5.069
1024.810	5.063
1024.886	5.057
1024.962	5.051
1025.038	5.045
1025.114	5.038
1025.190	5.031
1025.266	5.024
1025.342	5.019
1025.418	5.014
1025.494	5.010
1025.570	5.004
1025.646	4.996
1025.722	4.987
1025.798	4.979
1025.874	4.973
1025.950	4.968
1026.026	4.964
1026.102	4.958
1026.178	4.952
1026.254	4.945
1026.330	4.936
1026.406	4.924
1026.482	4.915
1026.558	4.908
1026.634	4.903
1026.710	4.901
1026.786	4.901
1026.862	4.900
1026.938	4.896
1027.014	4.882
1027.090	4.694
1027.166	4.178
1027.242	3.730
1027.318	3.578
1027.394	3.568
1027.470	3.637
1027.546	3.960
1027.622	4.508
1027.698	4.809
1027.774	4.816
1027.850	4.812
1027.926	4.807
1028.002	4.801
1028.078	4.795
1028.154	4.789
1028.230	4.784
1028.306	4.779
1028.382	4.767
1028.458	4.162
1028.534	2.994
1028.610	1.819
1028.686	1.106
1028.762	0.834
1028.838	0.769
1028.914	0.778
1028.990	0.825
1029.066	1.025
1029.142	1.751
1029.218	3.980
1029.294	3.633
1029.370	3.064
1029.446	2.890
1029.522	2.842
1029.598	2.578
1029.674	2.133
1029.750	1.846
1029.826	1.761
1029.902	1.764
1029.978	1.858
1030.054	2.264
1030.130	3.348
1030.206	4.572
1030.282	4.616
1030.358	4.610
1030.434	4.601
1030.510	4.514
1030.586	4.245
1030.662	3.972
1030.738	3.869
1030.814	3.861
1030.890	3.634
1030.966	3.006
1031.042	2.519
1031.118	2.352
1031.194	2.331
1031.270	2.393
1031.346	2.739
1031.422	3.579
1031.498	4.391
1031.574	4.496
1031.650	4.493
1031.726	4.487
1031.802	4.481
1031.878	4.475
1031.954	4.468
1032.030	4.462
1032.106	4.456
1032.182	4.449
1032.258	4.414
1032.334	4.300
1032.410	4.169
1032.486	4.114
1032.562	4.106
1032.638	4.118
1032.714	4.040
1032.790	3.638
1032.866	3.230
1032.942	3.085
1033.018	3.078
1033.094	3.145
1033.170	3.458
1033.246	4.018
1033.322	4.340
1033.398	4.342
1033.474	4.336
1033.550	4.330
1033.626	4.323
1033.702	4.316
1033.778	4.309
1033.854	4.301
1033.930	4.270
1034.006	4.146
1034.082	3.946
1034.158	3.801
1034.234	3.754
1034.310	3.763
1034.386	3.845
1034.462	4.010
1034.538	4.128
1034.614	4.121
1034.690	3.106
1034.766	1.893
1034.842	1.412
1034.918	1.294
1034.994	1.283
1035.070	1.322
1035.146	1.585
1035.222	2.408
1035.298	3.578
1035.374	3.619
1035.450	3.562
1035.526	3.471
1035.602	3.402
1035.678	3.407
1035.754	3.537
1035.830	3.771
1035.906	3.971
1035.982	4.069
1036.058	4.095
1036.134	4.090
1036.210	4.084
1036.286	4.078
1036.362	4.072
1036.438	4.065
1036.514	4.058
1036.590	4.050
1036.666	4.042
1036.742	4.034
1036.818	4.026
1036.894	4.018
1036.970	4.010
1037.046	4.003
1037.122	3.995
1037.198	3.868
1037.274	2.283
1037.350	1.243
1037.426	0.910
1037.502	0.832
1037.578	0.829
1037.654	0.865
1037.730	1.067
1037.806	1.799
1037.882	3.673
1037.958	3.828
1038.034	3.851
1038.110	3.884
1038.186	3.894
1038.262	3.887
1038.338	3.879
1038.414	3.871
1038.490	3.864
1038.566	3.856
1038.642	3.849
1038.718	3.842
1038.794	3.835
1038.870	3.827
1038.946	3.820
1039.022	3.813
1039.098	3.805
1039.174	3.798
1039.250	3.790
1039.326	3.783
1039.402	3.775
1039.478	3.767
1039.554	3.754
1039.630	2.675
1039.706	1.560
1039.782	1.152
1039.858	1.054
1039.934	1.048
1040.010	1.087
1040.086	1.323
1040.162	2.118
1040.238	3.602
1040.314	3.682
1040.390	3.672
1040.466	3.662
1040.542	3.654
1040.618	3.646
1040.694	3.638
1040.770	3.628
1040.846	3.617
1040.922	3.607
1040.998	3.598
1041.074	3.591
1041.150	3.587
1041.226	3.585
1041.302	3.580
1041.378	3.573
1041.454	3.566
1041.530	3.545
1041.606	3.485
1041.682	3.407
1041.758	2.836
1041.834	1.652
1041.910	1.031
1041.986	0.812
1042.062	0.759
1042.138	0.763
1042.214	0.823
1042.290	1.058
1042.366	1.811
1042.442	3.352
1042.518	3.450
1042.594	3.441
1042.670	3.433
1042.746	3.410
1042.822	3.344
1042.898	3.253
1042.974	3.168
1043.050	3.100
1043.126	3.080
1043.202	3.118
1043.278	3.184
1043.354	3.257
1043.430	3.321
1043.506	3.344
1043.582	3.336
1043.658	3.327
1043.734	3.318
1043.810	3.309
1043.886	3.300
1043.962	3.291
1044.038	3.282
1044.114	3.274
1044.190	3.266
1044.266	3.258
1044.342	3.249
1044.418	3.240
1044.494	3.232
1044.570	3.223
1044.646	3.215
1044.722	3.206
1044.798	3.198
1044.874	3.190
1044.950	3.177
1045.026	2.392
1045.102	1.455
1045.178	1.084
1045.254	0.992
1045.330	0.986
1045.406	1.020
1045.482	1.233
1045.558	1.922
1045.634	3.039
1045.710	3.089
1045.786	3.080
1045.862	3.071
1045.938	3.062
1046.014	3.053
1046.090	3.044
1046.166	3.035
1046.242	3.026
1046.318	3.018
1046.394	3.009
1046.470	3.000
1046.546	2.991
1046.622	2.982
1046.698	2.973
1046.774	2.961
1046.850	2.064
1046.926	1.172
1047.002	0.846
1047.078	0.758
1047.154	0.747
1047.230	0.770
1047.306	0.918
1047.382	1.414
1047.458	2.497
1047.534	2.857
1047.610	2.857
1047.686	2.847
1047.762	2.838
1047.838	2.828
1047.914	2.819
1047.990	2.809
1048.066	2.799
1048.142	0.000
