# ITC Data: Sat Mar 27 14:39:41 CLST 2021
 
590.718	0.000
590.794	13.724
590.870	13.705
590.946	13.683
591.022	13.662
591.098	13.643
591.174	13.627
591.250	13.616
591.326	13.611
591.402	13.610
591.478	13.615
591.554	13.626
591.630	13.640
591.706	13.657
591.782	13.677
591.858	13.697
591.934	13.718
592.010	13.737
592.086	13.754
592.162	13.770
592.238	13.781
592.314	13.788
592.390	13.790
592.466	13.786
592.542	13.776
592.618	13.758
592.694	13.734
592.770	13.705
592.846	13.674
592.922	13.641
592.998	13.610
593.074	13.588
593.150	13.579
593.226	13.584
593.302	13.603
593.378	13.635
593.454	13.678
593.530	13.726
593.606	13.775
593.682	13.825
593.758	13.872
593.834	13.912
593.910	13.942
593.986	13.959
594.062	13.964
594.138	13.958
594.214	13.945
594.290	13.930
594.366	13.913
594.442	13.895
594.518	13.874
594.594	13.852
594.670	13.827
594.746	13.801
594.822	13.777
594.898	13.754
594.974	13.736
595.050	13.723
595.126	13.717
595.202	13.718
595.278	13.728
595.354	13.746
595.430	13.771
595.506	13.805
595.582	13.843
595.658	13.884
595.734	13.924
595.810	13.961
595.886	13.992
595.962	14.016
596.038	14.032
596.114	14.043
596.190	14.050
596.266	14.051
596.342	14.046
596.418	14.036
596.494	14.022
596.570	14.003
596.646	13.982
596.722	13.960
596.798	13.938
596.874	13.917
596.950	13.896
597.026	13.878
597.102	13.861
597.178	13.846
597.254	13.833
597.330	13.823
597.406	13.818
597.482	13.816
597.558	13.819
597.634	13.827
597.710	13.839
597.786	13.855
597.862	13.876
597.938	13.901
598.014	13.930
598.090	13.959
598.166	13.988
598.242	14.012
598.318	14.031
598.394	14.042
598.470	14.048
598.546	14.048
598.622	14.046
598.698	14.043
598.774	14.042
598.850	14.044
598.926	14.048
599.002	14.055
599.078	14.062
599.154	14.070
599.230	14.077
599.306	14.084
599.382	14.090
599.458	14.094
599.534	14.095
599.610	14.094
599.686	14.090
599.762	14.083
599.838	14.074
599.914	14.064
599.990	14.056
600.066	14.051
600.142	14.051
600.218	14.054
600.294	14.061
600.370	14.070
600.446	14.079
600.522	14.090
600.598	14.103
600.674	14.119
600.750	14.137
600.826	14.154
600.902	14.171
600.978	14.185
601.054	14.197
601.130	14.207
601.206	14.216
601.282	14.225
601.358	14.233
601.434	14.240
601.510	14.247
601.586	14.255
601.662	14.264
601.738	14.272
601.814	14.281
601.890	14.289
601.966	14.296
602.042	14.301
602.118	14.303
602.194	14.303
602.270	14.300
602.346	14.295
602.422	14.289
602.498	14.281
602.574	14.273
602.650	14.266
602.726	14.260
602.802	14.256
602.878	14.253
602.954	14.253
603.030	14.254
603.106	14.257
603.182	14.261
603.258	14.266
603.334	14.271
603.410	14.276
603.486	14.282
603.562	14.288
603.638	14.294
603.714	14.300
603.790	14.304
603.866	14.308
603.942	14.312
604.018	14.314
604.094	14.317
604.170	14.319
604.246	14.322
604.322	14.326
604.398	14.331
604.474	14.337
604.550	14.345
604.626	14.353
604.702	14.362
604.778	14.372
604.854	14.382
604.930	14.393
605.006	14.404
605.082	14.416
605.158	14.428
605.234	14.439
605.310	14.448
605.386	14.456
605.462	14.461
605.538	14.463
605.614	14.462
605.690	14.459
605.766	14.455
605.842	14.449
605.918	14.442
605.994	14.434
606.070	14.428
606.146	14.422
606.222	14.417
606.298	14.414
606.374	14.415
606.450	14.417
606.526	14.421
606.602	14.427
606.678	14.432
606.754	14.437
606.830	14.441
606.906	14.444
606.982	14.449
607.058	14.454
607.134	14.460
607.210	14.463
607.286	14.465
607.362	14.464
607.438	14.464
607.514	14.465
607.590	14.470
607.666	14.476
607.742	14.482
607.818	14.487
607.894	14.490
607.970	14.492
608.046	14.495
608.122	14.498
608.198	14.502
608.274	14.506
608.350	14.508
608.426	14.510
608.502	14.510
608.578	14.510
608.654	14.509
608.730	14.508
608.806	14.508
608.882	14.507
608.958	14.506
609.034	14.505
609.110	14.503
609.186	14.500
609.262	14.497
609.338	14.493
609.414	14.491
609.490	14.489
609.566	14.488
609.642	14.487
609.718	14.487
609.794	14.487
609.870	14.489
609.946	14.491
610.022	14.494
610.098	14.497
610.174	14.499
610.250	14.500
610.326	14.501
610.402	14.501
610.478	14.502
610.554	14.504
610.630	14.507
610.706	14.510
610.782	14.514
610.858	14.519
610.934	14.526
611.010	14.535
611.086	14.544
611.162	14.553
611.238	14.561
611.314	14.567
611.390	14.573
611.466	14.579
611.542	14.586
611.618	14.595
611.694	14.605
611.770	14.614
611.846	14.621
611.922	14.626
611.998	14.629
612.074	14.630
612.150	14.630
612.226	14.628
612.302	14.626
612.378	14.623
612.454	14.620
612.530	14.618
612.606	14.616
612.682	14.616
612.758	14.618
612.834	14.622
612.910	14.627
612.986	14.630
613.062	14.627
613.138	14.618
613.214	14.602
613.290	14.581
613.366	14.557
613.442	14.534
613.518	14.510
613.594	14.487
613.670	14.464
613.746	14.445
613.822	14.431
613.898	14.425
613.974	14.426
614.050	14.434
614.126	14.445
614.202	14.458
614.278	14.471
614.354	14.485
614.430	14.501
614.506	14.519
614.582	14.537
614.658	14.553
614.734	14.566
614.810	14.573
614.886	14.574
614.962	14.568
615.038	14.556
615.114	14.536
615.190	14.511
615.266	14.482
615.342	14.453
615.418	14.427
615.494	14.406
615.570	14.394
615.646	14.394
615.722	14.404
615.798	14.423
615.874	14.449
615.950	14.479
616.026	14.510
616.102	14.536
616.178	14.554
616.254	14.562
616.330	14.562
616.406	14.552
616.482	14.534
616.558	14.510
616.634	14.469
616.710	14.396
616.786	14.280
616.862	14.127
616.938	13.960
617.014	13.808
617.090	13.694
617.166	13.626
617.242	13.601
617.318	13.603
617.394	13.620
617.470	13.663
617.546	13.746
617.622	13.877
617.698	14.047
617.774	14.234
617.850	14.407
617.926	14.538
618.002	14.619
618.078	14.659
618.154	14.679
618.230	14.693
618.306	14.704
618.382	14.714
618.458	14.721
618.534	14.726
618.610	14.731
618.686	14.735
618.762	14.738
618.838	14.740
618.914	14.740
618.990	14.738
619.066	14.735
619.142	14.732
619.218	14.729
619.294	14.725
619.370	14.719
619.446	14.709
619.522	14.694
619.598	14.675
619.674	14.653
619.750	14.629
619.826	14.606
619.902	14.584
619.978	14.565
620.054	14.549
620.130	14.539
620.206	14.536
620.282	14.540
620.358	14.551
620.434	14.567
620.510	14.586
620.586	14.605
620.662	14.622
620.738	14.636
620.814	14.646
620.890	14.653
620.966	14.657
621.042	14.658
621.118	14.658
621.194	14.654
621.270	14.647
621.346	14.635
621.422	14.618
621.498	14.596
621.574	14.570
621.650	14.543
621.726	14.518
621.802	14.496
621.878	14.480
621.954	14.472
622.030	14.473
622.106	14.483
622.182	14.500
622.258	14.523
622.334	14.550
622.410	14.576
622.486	14.595
622.562	14.601
622.638	14.591
622.714	14.562
622.790	14.510
622.866	14.431
622.942	14.330
623.018	14.214
623.094	14.090
623.170	13.967
623.246	13.852
623.322	13.755
623.398	13.676
623.474	13.618
623.550	13.583
623.626	13.576
623.702	13.595
623.778	13.637
623.854	13.698
623.930	13.774
624.006	13.857
624.082	13.943
624.158	14.027
624.234	14.111
624.310	14.193
624.386	14.269
624.462	14.337
624.538	14.396
624.614	14.444
624.690	14.480
624.766	14.503
624.842	14.515
624.918	14.508
624.994	14.481
625.070	14.434
625.146	14.370
625.222	14.290
625.298	14.201
625.374	14.111
625.450	14.028
625.526	13.955
625.602	13.897
625.678	13.856
625.754	13.836
625.830	13.835
625.906	13.849
625.982	13.879
626.058	13.921
626.134	13.970
626.210	14.023
626.286	14.076
626.362	14.126
626.438	14.170
626.514	14.208
626.590	14.238
626.666	14.260
626.742	14.277
626.818	14.289
626.894	14.298
626.970	14.305
627.046	14.308
627.122	14.306
627.198	14.299
627.274	14.286
627.350	14.269
627.426	14.250
627.502	14.231
627.578	14.213
627.654	14.196
627.730	14.178
627.806	14.157
627.882	14.131
627.958	14.099
628.034	14.062
628.110	14.017
628.186	13.966
628.262	13.909
628.338	13.851
628.414	13.797
628.490	13.751
628.566	13.718
628.642	13.698
628.718	13.690
628.794	13.672
628.870	13.583
628.946	13.361
629.022	12.970
629.098	12.335
629.174	11.411
629.250	10.326
629.326	9.261
629.402	8.313
629.478	7.519
629.554	6.887
629.630	6.398
629.706	6.025
629.782	5.741
629.858	5.532
629.934	5.407
630.010	5.373
630.086	5.429
630.162	5.577
630.238	5.826
630.314	6.174
630.390	6.613
630.466	7.144
630.542	7.786
630.618	8.578
630.694	9.550
630.770	10.672
630.846	11.844
630.922	12.922
630.998	13.712
631.074	14.111
631.150	14.264
631.226	14.350
631.302	14.415
631.378	14.456
631.454	14.471
631.530	14.461
631.606	14.429
631.682	14.386
631.758	14.340
631.834	14.297
631.910	14.261
631.986	14.234
632.062	14.213
632.138	14.193
632.214	14.170
632.290	14.141
632.366	14.108
632.442	14.075
632.518	14.045
632.594	14.017
632.670	13.989
632.746	13.960
632.822	13.936
632.898	13.925
632.974	13.937
633.050	13.973
633.126	14.035
633.202	14.116
633.278	14.208
633.354	14.303
633.430	14.396
633.506	14.487
633.582	14.571
633.658	14.644
633.734	14.702
633.810	14.744
633.886	14.769
633.962	14.776
634.038	14.768
634.114	14.751
634.190	14.728
634.266	14.702
634.342	14.677
634.418	14.655
634.494	14.635
634.570	14.615
634.646	14.594
634.722	14.571
634.798	14.546
634.874	14.517
634.950	14.485
635.026	14.446
635.102	14.401
635.178	14.339
635.254	14.229
635.330	14.045
635.406	13.776
635.482	13.401
635.558	12.904
635.634	12.321
635.710	11.704
635.786	11.087
635.862	10.502
635.938	9.978
636.014	9.536
636.090	9.180
636.166	8.906
636.242	8.712
636.318	8.616
636.394	8.626
636.470	8.737
636.546	8.952
636.622	9.277
636.698	9.703
636.774	10.213
636.850	10.795
636.926	11.446
637.002	12.161
637.078	12.897
637.154	13.576
637.230	14.128
637.306	14.518
637.382	14.727
637.458	14.794
637.534	14.801
637.610	14.796
637.686	14.793
637.762	14.790
637.838	14.786
637.914	14.781
637.990	14.772
638.066	14.761
638.142	14.750
638.218	14.739
638.294	14.731
638.370	14.726
638.446	14.725
638.522	14.730
638.598	14.740
638.674	14.755
638.750	14.776
638.826	14.803
638.902	14.834
638.978	14.867
639.054	14.901
639.130	14.934
639.206	14.964
639.282	14.991
639.358	15.013
639.434	15.031
639.510	15.044
639.586	15.051
639.662	15.052
639.738	15.050
639.814	15.046
639.890	15.042
639.966	15.040
640.042	15.039
640.118	15.037
640.194	15.035
640.270	15.031
640.346	15.028
640.422	15.027
640.498	15.028
640.574	15.031
640.650	15.035
640.726	15.037
640.802	15.038
640.878	15.038
640.954	15.038
641.030	15.039
641.106	15.039
641.182	15.038
641.258	15.034
641.334	15.027
641.410	15.016
641.486	15.004
641.562	14.991
641.638	14.978
641.714	14.964
641.790	14.952
641.866	14.943
641.942	14.936
642.018	14.934
642.094	14.936
642.170	14.942
642.246	14.954
642.322	14.968
642.398	14.985
642.474	15.002
642.550	15.019
642.626	15.034
642.702	15.047
642.778	15.057
642.854	15.065
642.930	15.072
643.006	15.078
643.082	15.085
643.158	15.094
643.234	15.104
643.310	15.115
643.386	15.128
643.462	15.142
643.538	15.154
643.614	15.165
643.690	15.173
643.766	15.178
643.842	15.181
643.918	15.181
643.994	15.179
644.070	15.174
644.146	15.167
644.222	15.159
644.298	15.149
644.374	15.139
644.450	15.129
644.526	15.117
644.602	15.104
644.678	15.090
644.754	15.074
644.830	15.055
644.906	15.033
644.982	15.010
645.058	14.986
645.134	14.965
645.210	14.946
645.286	14.932
645.362	14.921
645.438	14.913
645.514	14.905
645.590	14.893
645.666	14.873
645.742	14.844
645.818	14.803
645.894	14.750
645.970	14.688
646.046	14.618
646.122	14.545
646.198	14.469
646.274	14.394
646.350	14.325
646.426	14.268
646.502	14.227
646.578	14.204
646.654	14.201
646.730	14.219
646.806	14.254
646.882	14.301
646.958	14.359
647.034	14.425
647.110	14.493
647.186	14.562
647.262	14.631
647.338	14.699
647.414	14.763
647.490	14.821
647.566	14.867
647.642	14.902
647.718	14.927
647.794	14.946
647.870	14.961
647.946	14.976
648.022	14.990
648.098	15.002
648.174	15.012
648.250	15.020
648.326	15.028
648.402	15.039
648.478	15.052
648.554	15.066
648.630	15.081
648.706	15.095
648.782	15.106
648.858	15.114
648.934	15.120
649.010	15.123
649.086	15.124
649.162	15.124
649.238	15.122
649.314	15.119
649.390	15.115
649.466	15.109
649.542	15.103
649.618	15.095
649.694	15.088
649.770	15.080
649.846	15.071
649.922	15.059
649.998	15.044
650.074	15.028
650.150	15.012
650.226	15.002
650.302	14.997
650.378	14.999
650.454	15.007
650.530	15.018
650.606	15.031
650.682	15.048
650.758	15.068
650.834	15.091
650.910	15.114
650.986	15.133
651.062	15.146
651.138	15.152
651.214	15.153
651.290	15.152
651.366	15.152
651.442	15.155
651.518	15.158
651.594	15.161
651.670	15.163
651.746	15.164
651.822	15.163
651.898	15.160
651.974	15.157
652.050	15.152
652.126	15.148
652.202	15.144
652.278	15.140
652.354	15.137
652.430	15.136
652.506	15.134
652.582	15.133
652.658	15.132
652.734	15.132
652.810	15.132
652.886	15.132
652.962	15.133
653.038	15.133
653.114	15.132
653.190	15.130
653.266	15.127
653.342	15.123
653.418	15.118
653.494	15.113
653.570	15.109
653.646	15.103
653.722	15.097
653.798	15.091
653.874	15.085
653.950	15.079
654.026	15.076
654.102	15.074
654.178	15.077
654.254	15.082
654.330	15.088
654.406	15.095
654.482	15.100
654.558	15.101
654.634	15.092
654.710	15.072
654.786	15.040
654.862	15.002
654.938	14.962
655.014	14.926
655.090	14.901
655.166	14.885
655.242	14.878
655.318	14.875
655.394	14.880
655.470	14.893
655.546	14.918
655.622	14.953
655.698	14.992
655.774	15.030
655.850	15.062
655.926	15.086
656.002	15.103
656.078	15.117
656.154	15.129
656.230	15.133
656.306	15.122
656.382	15.095
656.458	15.056
656.534	15.012
656.610	14.973
656.686	14.944
656.762	14.926
656.838	14.916
656.914	14.910
656.990	14.907
657.066	14.912
657.142	14.925
657.218	14.945
657.294	14.970
657.370	14.996
657.446	15.018
657.522	15.034
657.598	15.044
657.674	15.049
657.750	15.053
657.826	15.059
657.902	15.070
657.978	15.087
658.054	15.109
658.130	15.130
658.206	15.148
658.282	15.159
658.358	15.164
658.434	15.166
658.510	15.168
658.586	15.171
658.662	15.175
658.738	15.180
658.814	15.184
658.890	15.187
658.966	15.189
659.042	15.190
659.118	15.191
659.194	15.190
659.270	15.189
659.346	15.187
659.422	15.186
659.498	15.186
659.574	15.186
659.650	15.187
659.726	15.189
659.802	15.190
659.878	15.192
659.954	15.192
660.030	15.193
660.106	15.192
660.182	15.191
660.258	15.189
660.334	15.187
660.410	15.185
660.486	15.184
660.562	15.185
660.638	15.188
660.714	15.191
660.790	15.192
660.866	15.191
660.942	15.185
661.018	15.178
661.094	15.170
661.170	15.164
661.246	15.160
661.322	15.158
661.398	15.156
661.474	15.156
661.550	15.157
661.626	15.162
661.702	15.170
661.778	15.179
661.854	15.189
661.930	15.196
662.006	15.200
662.082	15.199
662.158	15.192
662.234	15.182
662.310	15.168
662.386	15.151
662.462	15.133
662.538	15.115
662.614	15.099
662.690	15.086
662.766	15.078
662.842	15.075
662.918	15.078
662.994	15.085
663.070	15.096
663.146	15.110
663.222	15.123
663.298	15.136
663.374	15.147
663.450	15.155
663.526	15.161
663.602	15.166
663.678	15.169
663.754	15.172
663.830	15.176
663.906	15.181
663.982	15.187
664.058	15.194
664.134	15.200
664.210	15.206
664.286	15.210
664.362	15.212
664.438	15.212
664.514	15.212
664.590	15.211
664.666	15.211
664.742	15.211
664.818	15.211
664.894	15.210
664.970	15.208
665.046	15.205
665.122	15.202
665.198	15.198
665.274	15.194
665.350	15.189
665.426	15.186
665.502	15.183
665.578	15.181
665.654	15.180
665.730	15.181
665.806	15.183
665.882	15.186
665.958	15.189
666.034	15.193
666.110	15.195
666.186	15.197
666.262	15.197
666.338	15.196
666.414	15.195
666.490	15.194
666.566	15.194
666.642	15.194
666.718	15.194
666.794	15.195
666.870	15.196
666.946	15.200
667.022	15.205
667.098	15.211
667.174	15.218
667.250	15.224
667.326	15.229
667.402	15.232
667.478	15.233
667.554	15.232
667.630	15.230
667.706	15.226
667.782	15.223
667.858	15.220
667.934	15.217
668.010	15.215
668.086	15.212
668.162	15.210
668.238	15.208
668.314	15.206
668.390	15.205
668.466	0.000
671.050	0.000
671.126	11.273
671.202	15.035
671.278	15.041
671.354	15.047
671.430	15.055
671.506	15.065
671.582	15.075
671.658	15.086
671.734	15.097
671.810	15.107
671.886	15.115
671.962	15.122
672.038	15.127
672.114	15.132
672.190	15.137
672.266	15.144
672.342	15.151
672.418	15.160
672.494	15.167
672.570	15.174
672.646	15.179
672.722	15.185
672.798	15.191
672.874	15.197
672.950	15.200
673.026	15.197
673.102	15.188
673.178	15.173
673.254	15.156
673.330	15.142
673.406	15.133
673.482	15.128
673.558	15.126
673.634	15.124
673.710	15.125
673.786	15.130
673.862	15.141
673.938	15.157
674.014	15.176
674.090	15.194
674.166	15.208
674.242	15.217
674.318	15.221
674.394	15.221
674.470	15.222
674.546	15.221
674.622	15.221
674.698	15.221
674.774	15.221
674.850	15.221
674.926	15.221
675.002	15.221
675.078	15.221
675.154	15.219
675.230	15.217
675.306	15.215
675.382	15.213
675.458	15.211
675.534	15.209
675.610	15.208
675.686	15.206
675.762	15.203
675.838	15.199
675.914	15.196
675.990	15.194
676.066	15.192
676.142	15.192
676.218	15.193
676.294	15.194
676.370	15.194
676.446	15.192
676.522	15.188
676.598	15.182
676.674	15.174
676.750	15.164
676.826	15.152
676.902	15.139
676.978	15.128
677.054	15.119
677.130	15.113
677.206	15.110
677.282	15.111
677.358	15.115
677.434	15.121
677.510	15.132
677.586	15.145
677.662	15.160
677.738	15.175
677.814	15.187
677.890	15.195
677.966	15.200
678.042	15.202
678.118	15.203
678.194	15.203
678.270	15.203
678.346	15.203
678.422	15.202
678.498	15.200
678.574	15.194
678.650	15.185
678.726	15.173
678.802	15.160
678.878	15.149
678.954	15.141
679.030	15.136
679.106	15.132
679.182	15.129
679.258	15.125
679.334	15.122
679.410	15.119
679.486	15.116
679.562	15.115
679.638	15.114
679.714	15.114
679.790	15.113
679.866	15.113
679.942	15.113
680.018	15.115
680.094	15.120
680.170	15.128
680.246	15.139
680.322	15.152
680.398	15.166
680.474	15.177
680.550	15.183
680.626	15.186
680.702	15.186
680.778	15.184
680.854	15.182
680.930	15.181
681.006	15.179
681.082	15.178
681.158	15.177
681.234	15.177
681.310	15.176
681.386	15.175
681.462	15.175
681.538	15.174
681.614	15.174
681.690	15.174
681.766	15.175
681.842	15.175
681.918	15.175
681.994	15.175
682.070	15.175
682.146	15.174
682.222	15.171
682.298	15.164
682.374	15.154
682.450	15.140
682.526	15.123
682.602	15.107
682.678	15.082
682.754	15.023
682.830	14.907
682.906	14.734
682.982	14.527
683.058	14.324
683.134	14.161
683.210	14.057
683.286	14.010
683.362	14.001
683.438	14.012
683.514	14.042
683.590	14.109
683.666	14.230
683.742	14.404
683.818	14.607
683.894	14.802
683.970	14.957
684.046	15.051
684.122	15.088
684.198	15.094
684.274	15.093
684.350	15.094
684.426	15.097
684.502	15.104
684.578	15.112
684.654	15.120
684.730	15.127
684.806	15.132
684.882	15.133
684.958	15.130
685.034	15.119
685.110	15.097
685.186	15.061
685.262	15.015
685.338	14.963
685.414	14.908
685.490	14.841
685.566	14.743
685.642	14.576
685.718	14.306
685.794	13.931
685.870	13.487
685.946	13.032
686.022	12.619
686.098	12.272
686.174	11.996
686.250	11.777
686.326	11.589
686.402	11.433
686.478	11.342
686.554	11.345
686.630	11.445
686.706	11.619
686.782	11.819
686.858	11.996
686.934	12.120
687.010	12.190
687.086	12.230
687.162	12.269
687.238	12.315
687.314	12.366
687.390	12.419
687.466	12.477
687.542	12.539
687.618	12.602
687.694	12.665
687.770	12.725
687.846	12.783
687.922	12.840
687.998	12.894
688.074	12.946
688.150	12.994
688.226	13.040
688.302	13.082
688.378	13.118
688.454	13.148
688.530	13.173
688.606	13.193
688.682	13.211
688.758	13.226
688.834	13.241
688.910	13.257
688.986	13.277
689.062	13.301
689.138	13.327
689.214	13.354
689.290	13.376
689.366	13.379
689.442	13.345
689.518	13.267
689.594	13.156
689.670	13.035
689.746	12.932
689.822	12.866
689.898	12.843
689.974	12.858
690.050	12.894
690.126	12.947
690.202	13.028
690.278	13.149
690.354	13.312
690.430	13.505
690.506	13.704
690.582	13.878
690.658	14.011
690.734	14.099
690.810	14.155
690.886	14.199
690.962	14.240
691.038	14.279
691.114	14.318
691.190	14.357
691.266	14.393
691.342	14.427
691.418	14.458
691.494	14.487
691.570	14.513
691.646	14.535
691.722	14.553
691.798	14.567
691.874	14.578
691.950	14.588
692.026	14.601
692.102	14.617
692.178	14.634
692.254	14.652
692.330	14.669
692.406	14.683
692.482	14.695
692.558	14.704
692.634	14.710
692.710	14.715
692.786	14.718
692.862	14.719
692.938	14.718
693.014	14.715
693.090	14.712
693.166	14.710
693.242	14.709
693.318	14.712
693.394	14.716
693.470	14.719
693.546	14.719
693.622	14.718
693.698	14.718
693.774	14.719
693.850	14.724
693.926	14.733
694.002	14.744
694.078	14.757
694.154	14.769
694.230	14.782
694.306	14.794
694.382	14.806
694.458	14.814
694.534	14.817
694.610	14.816
694.686	14.812
694.762	14.807
694.838	14.802
694.914	14.799
694.990	14.797
695.066	14.796
695.142	14.795
695.218	14.793
695.294	14.790
695.370	14.787
695.446	14.783
695.522	14.778
695.598	14.772
695.674	14.765
695.750	14.760
695.826	14.760
695.902	14.765
695.978	14.775
696.054	14.790
696.130	14.810
696.206	14.830
696.282	14.845
696.358	14.849
696.434	14.839
696.510	14.816
696.586	14.787
696.662	14.758
696.738	14.736
696.814	14.721
696.890	14.712
696.966	14.705
697.042	14.702
697.118	14.707
697.194	14.725
697.270	14.754
697.346	14.792
697.422	14.830
697.498	14.864
697.574	14.889
697.650	14.905
697.726	14.917
697.802	14.928
697.878	14.939
697.954	14.948
698.030	14.955
698.106	14.961
698.182	14.962
698.258	14.961
698.334	14.957
698.410	14.951
698.486	14.945
698.562	14.939
698.638	14.935
698.714	14.932
698.790	14.930
698.866	14.929
698.942	14.928
699.018	14.926
699.094	14.924
699.170	14.921
699.246	14.917
699.322	14.913
699.398	14.908
699.474	14.902
699.550	14.895
699.626	14.887
699.702	14.879
699.778	14.872
699.854	14.867
699.930	14.865
700.006	14.867
700.082	14.871
700.158	14.876
700.234	14.881
700.310	14.888
700.386	14.897
700.462	14.906
700.538	14.915
700.614	14.922
700.690	14.927
700.766	14.929
700.842	14.929
700.918	14.928
700.994	14.927
701.070	14.926
701.146	14.926
701.222	14.925
701.298	14.925
701.374	14.925
701.450	14.925
701.526	14.925
701.602	14.926
701.678	14.927
701.754	14.928
701.830	14.930
701.906	14.931
701.982	14.932
702.058	14.932
702.134	14.930
702.210	14.929
702.286	14.926
702.362	14.924
702.438	14.921
702.514	14.918
702.590	14.915
702.666	14.912
702.742	14.910
702.818	14.908
702.894	14.907
702.970	14.906
703.046	14.905
703.122	14.904
703.198	14.903
703.274	14.902
703.350	14.899
703.426	14.894
703.502	14.882
703.578	14.862
703.654	14.836
703.730	14.806
703.806	14.776
703.882	14.750
703.958	14.731
704.034	14.718
704.110	14.711
704.186	14.710
704.262	14.716
704.338	14.731
704.414	14.754
704.490	14.782
704.566	14.809
704.642	14.832
704.718	14.847
704.794	14.856
704.870	14.859
704.946	14.861
705.022	14.861
705.098	14.861
705.174	14.861
705.250	14.861
705.326	14.861
705.402	14.861
705.478	14.860
705.554	14.858
705.630	14.853
705.706	14.847
705.782	14.838
705.858	14.829
705.934	14.821
706.010	14.815
706.086	14.812
706.162	14.811
706.238	14.814
706.314	14.817
706.390	14.820
706.466	14.820
706.542	14.817
706.618	14.809
706.694	14.797
706.770	14.782
706.846	14.766
706.922	14.752
706.998	14.741
707.074	14.733
707.150	14.731
707.226	14.734
707.302	14.741
707.378	14.751
707.454	14.762
707.530	14.774
707.606	14.785
707.682	14.795
707.758	14.801
707.834	14.805
707.910	14.808
707.986	14.810
708.062	14.813
708.138	14.819
708.214	14.827
708.290	14.837
708.366	14.847
708.442	14.856
708.518	14.864
708.594	14.870
708.670	14.875
708.746	14.878
708.822	14.879
708.898	14.880
708.974	14.881
709.050	14.880
709.126	14.878
709.202	14.874
709.278	14.869
709.354	14.864
709.430	14.860
709.506	14.855
709.582	14.851
709.658	14.846
709.734	14.841
709.810	14.838
709.886	14.835
709.962	14.835
710.038	14.835
710.114	14.832
710.190	14.825
710.266	14.812
710.342	14.793
710.418	14.773
710.494	14.754
710.570	14.739
710.646	14.729
710.722	14.722
710.798	14.719
710.874	14.721
710.950	14.730
711.026	14.744
711.102	14.764
711.178	14.786
711.254	14.808
711.330	14.826
711.406	14.840
711.482	14.849
711.558	14.855
711.634	14.858
711.710	14.859
711.786	14.859
711.862	14.859
711.938	14.858
712.014	14.858
712.090	14.857
712.166	14.857
712.242	14.856
712.318	14.855
712.394	14.854
712.470	14.853
712.546	14.850
712.622	14.846
712.698	14.840
712.774	14.835
712.850	14.830
712.926	14.826
713.002	14.823
713.078	14.822
713.154	14.820
713.230	14.819
713.306	14.817
713.382	14.814
713.458	14.810
713.534	14.806
713.610	14.803
713.686	14.800
713.762	14.799
713.838	14.795
713.914	14.788
713.990	14.776
714.066	14.759
714.142	14.742
714.218	14.724
714.294	14.709
714.370	14.697
714.446	14.686
714.522	14.678
714.598	14.671
714.674	14.663
714.750	14.656
714.826	14.650
714.902	14.646
714.978	14.643
715.054	14.642
715.130	14.640
715.206	14.634
715.282	14.621
715.358	14.602
715.434	14.578
715.510	14.553
715.586	14.529
715.662	14.506
715.738	14.484
715.814	14.459
715.890	14.429
715.966	14.395
716.042	14.358
716.118	14.318
716.194	14.276
716.270	14.231
716.346	14.184
716.422	14.135
716.498	14.084
716.574	14.034
716.650	13.985
716.726	13.934
716.802	13.883
716.878	13.829
716.954	13.773
717.030	13.716
717.106	13.663
717.182	13.617
717.258	13.580
717.334	13.551
717.410	13.527
717.486	13.505
717.562	13.484
717.638	13.466
717.714	13.451
717.790	13.440
717.866	13.433
717.942	13.426
718.018	13.421
718.094	13.414
718.170	13.406
718.246	13.394
718.322	13.379
718.398	13.361
718.474	13.342
718.550	13.324
718.626	13.308
718.702	13.295
718.778	13.284
718.854	13.274
718.930	13.265
719.006	13.260
719.082	13.260
719.158	13.267
719.234	13.280
719.310	13.296
719.386	13.315
719.462	13.335
719.538	13.363
719.614	13.400
719.690	13.448
719.766	13.506
719.842	13.568
719.918	13.631
719.994	13.693
720.070	13.754
720.146	13.815
720.222	13.875
720.298	13.935
720.374	13.992
720.450	14.043
720.526	14.084
720.602	14.115
720.678	14.138
720.754	14.158
720.830	14.177
720.906	14.195
720.982	14.213
721.058	14.230
721.134	14.247
721.210	14.263
721.286	14.278
721.362	14.292
721.438	14.300
721.514	14.299
721.590	14.289
721.666	14.270
721.742	14.248
721.818	14.224
721.894	14.198
721.970	14.165
722.046	14.126
722.122	14.080
722.198	14.030
722.274	13.980
722.350	13.933
722.426	13.893
722.502	13.861
722.578	13.836
722.654	13.815
722.730	13.796
722.806	13.778
722.882	13.763
722.958	13.748
723.034	13.734
723.110	13.720
723.186	13.707
723.262	13.691
723.338	13.665
723.414	13.620
723.490	13.555
723.566	13.475
723.642	13.391
723.718	13.318
723.794	13.265
723.870	13.227
723.946	13.195
724.022	13.159
724.098	13.118
724.174	13.086
724.250	13.077
724.326	13.097
724.402	13.141
724.478	13.195
724.554	13.243
724.630	13.280
724.706	13.311
724.782	13.351
724.858	13.407
724.934	13.474
725.010	13.542
725.086	13.600
725.162	13.641
725.238	13.665
725.314	13.678
725.390	13.685
725.466	13.691
725.542	13.696
725.618	13.700
725.694	13.706
725.770	13.711
725.846	13.717
725.922	13.723
725.998	13.728
726.074	13.730
726.150	13.728
726.226	13.720
726.302	13.706
726.378	13.687
726.454	13.666
726.530	13.647
726.606	13.631
726.682	13.620
726.758	13.610
726.834	13.592
726.910	13.560
726.986	13.513
727.062	13.459
727.138	13.409
727.214	13.373
727.290	13.354
727.366	13.351
727.442	13.355
727.518	13.363
727.594	13.381
727.670	13.416
727.746	13.470
727.822	13.538
727.898	13.609
727.974	13.672
728.050	13.717
728.126	13.744
728.202	13.757
728.278	13.764
728.354	13.771
728.430	13.777
728.506	13.782
728.582	13.786
728.658	13.787
728.734	13.789
728.810	13.788
728.886	13.777
728.962	13.742
729.038	13.676
729.114	13.582
729.190	13.477
729.266	13.382
729.342	13.311
729.418	13.271
729.494	13.257
729.570	13.258
729.646	13.266
729.722	13.289
729.798	13.336
729.874	13.409
729.950	13.500
730.026	13.596
730.102	13.679
730.178	13.735
730.254	13.765
730.330	13.777
730.406	13.786
730.482	13.799
730.558	13.818
730.634	13.841
730.710	13.866
730.786	13.891
730.862	13.915
730.938	13.937
731.014	13.955
731.090	13.967
731.166	13.972
731.242	13.971
731.318	13.965
731.394	13.956
731.470	13.947
731.546	13.939
731.622	13.934
731.698	13.931
731.774	13.931
731.850	13.936
731.926	13.946
732.002	13.962
732.078	13.983
732.154	14.009
732.230	14.038
732.306	14.068
732.382	14.094
732.458	14.116
732.534	14.131
732.610	14.141
732.686	14.146
732.762	14.149
732.838	14.152
732.914	14.155
732.990	14.157
733.066	14.158
733.142	14.157
733.218	14.156
733.294	14.149
733.370	14.072
733.446	13.801
733.522	13.277
733.598	12.580
733.674	11.859
733.750	11.243
733.826	10.796
733.902	10.525
733.978	10.396
734.054	10.353
734.130	10.358
734.206	10.425
734.282	10.609
734.358	10.956
734.434	11.485
734.510	12.168
734.586	12.905
734.662	13.549
734.738	13.967
734.814	14.139
734.890	14.174
734.966	14.177
735.042	14.178
735.118	14.178
735.194	14.177
735.270	14.176
735.346	14.176
735.422	14.177
735.498	14.178
735.574	14.179
735.650	14.177
735.726	14.175
735.802	14.172
735.878	14.172
735.954	14.175
736.030	14.183
736.106	14.194
736.182	14.206
736.258	14.217
736.334	14.226
736.410	14.234
736.486	14.242
736.562	14.251
736.638	14.257
736.714	14.258
736.790	14.254
736.866	14.246
736.942	14.237
737.018	14.232
737.094	14.232
737.170	14.237
737.246	14.243
737.322	14.249
737.398	14.252
737.474	14.255
737.550	14.259
737.626	14.264
737.702	14.269
737.778	14.270
737.854	14.265
737.930	14.258
738.006	14.251
738.082	14.248
738.158	14.251
738.234	14.259
738.310	14.268
738.386	14.276
738.462	14.284
738.538	14.294
738.614	14.308
738.690	14.326
738.766	14.344
738.842	14.363
738.918	14.381
738.994	14.396
739.070	14.411
739.146	14.424
739.222	14.437
739.298	14.448
739.374	14.455
739.450	14.459
739.526	14.458
739.602	14.453
739.678	14.445
739.754	14.437
739.830	14.430
739.906	14.423
739.982	14.418
740.058	14.416
740.134	14.415
740.210	14.417
740.286	14.420
740.362	14.425
740.438	14.434
740.514	14.443
740.590	14.451
740.666	14.452
740.742	14.443
740.818	14.425
740.894	14.403
740.970	14.381
741.046	14.364
741.122	14.353
741.198	14.345
741.274	14.335
741.350	14.327
741.426	14.322
741.502	14.326
741.578	14.338
741.654	14.357
741.730	14.376
741.806	14.390
741.882	14.399
741.958	14.405
742.034	14.414
742.110	14.429
742.186	14.446
742.262	14.462
742.338	14.473
742.414	14.479
742.490	14.482
742.566	14.486
742.642	14.492
742.718	14.498
742.794	14.503
742.870	14.503
742.946	14.501
743.022	14.502
743.098	14.510
743.174	14.524
743.250	14.540
743.326	14.554
743.402	14.561
743.478	14.560
743.554	14.553
743.630	14.543
743.706	14.535
743.782	14.530
743.858	14.526
743.934	14.522
744.010	14.520
744.086	14.520
744.162	14.524
744.238	14.531
744.314	14.540
744.390	14.549
744.466	14.556
744.542	14.559
744.618	14.558
744.694	14.553
744.770	14.545
744.846	14.537
744.922	14.530
744.998	14.524
745.074	14.522
745.150	14.522
745.226	14.524
745.302	14.527
745.378	14.530
745.454	14.533
745.530	14.535
745.606	14.535
745.682	14.534
745.758	14.533
745.834	14.530
745.910	14.526
745.986	14.520
746.062	14.512
746.138	14.504
746.214	14.496
746.290	14.489
746.366	14.478
746.442	14.447
746.518	14.383
746.594	14.285
746.670	14.163
746.746	14.037
746.822	13.926
746.898	13.844
746.974	13.793
747.050	13.768
747.126	13.759
747.202	13.765
747.278	13.787
747.354	13.827
747.430	13.880
747.506	13.941
747.582	14.002
747.658	14.055
747.734	14.093
747.810	14.116
747.886	14.124
747.962	14.125
748.038	14.130
748.114	14.149
748.190	14.187
748.266	14.241
748.342	14.302
748.418	14.356
748.494	14.397
748.570	14.424
748.646	14.444
748.722	14.462
748.798	14.482
748.874	0.000
751.458	0.000
751.534	14.628
751.610	14.669
751.686	14.679
751.762	14.633
751.838	14.519
751.914	14.347
751.990	14.148
752.066	13.956
752.142	13.804
752.218	13.705
752.294	13.656
752.370	13.637
752.446	13.635
752.522	13.662
752.598	13.738
752.674	13.875
752.750	14.066
752.826	14.282
752.902	14.481
752.978	14.626
753.054	14.703
753.130	14.725
753.206	14.721
753.282	14.713
753.358	14.705
753.434	14.694
753.510	14.678
753.586	14.662
753.662	14.646
753.738	14.636
753.814	14.632
753.890	14.633
753.966	14.638
754.042	14.645
754.118	14.656
754.194	14.676
754.270	14.705
754.346	14.741
754.422	14.777
754.498	14.806
754.574	14.820
754.650	14.818
754.726	14.799
754.802	14.770
754.878	14.734
754.954	14.697
755.030	14.660
755.106	14.629
755.182	14.607
755.258	14.594
755.334	14.589
755.410	14.590
755.486	14.597
755.562	14.607
755.638	14.617
755.714	14.625
755.790	14.627
755.866	14.626
755.942	14.621
756.018	14.613
756.094	14.604
756.170	14.596
756.246	14.590
756.322	14.586
756.398	14.577
756.474	14.532
756.550	14.400
756.626	14.154
756.702	13.815
756.778	13.444
756.854	13.106
756.930	12.844
757.006	12.675
757.082	12.587
757.158	12.549
757.234	12.543
757.310	12.586
757.386	12.705
757.462	12.906
757.538	13.183
757.614	13.500
757.690	13.794
757.766	13.994
757.842	14.060
757.918	14.002
757.994	13.868
758.070	13.699
758.146	13.510
758.222	13.302
758.298	13.068
758.374	12.808
758.450	12.522
758.526	12.220
758.602	11.912
758.678	11.596
758.754	11.266
758.830	10.915
758.906	10.543
758.982	10.156
759.058	9.768
759.134	9.397
759.210	9.053
759.286	8.735
759.362	8.440
759.438	8.163
759.514	7.903
759.590	7.680
759.666	7.517
759.742	7.425
759.818	7.394
759.894	7.405
759.970	7.443
760.046	7.505
760.122	7.604
760.198	7.750
760.274	7.940
760.350	8.154
760.426	8.371
760.502	8.573
760.578	8.759
760.654	8.931
760.730	9.092
760.806	9.240
760.882	9.379
760.958	9.507
761.034	9.617
761.110	9.700
761.186	9.754
761.262	9.785
761.338	9.801
761.414	9.813
761.490	9.819
761.566	9.813
761.642	9.794
761.718	9.762
761.794	9.721
761.870	9.679
761.946	9.636
762.022	9.593
762.098	9.549
762.174	9.502
762.250	9.454
762.326	9.408
762.402	9.372
762.478	9.354
762.554	9.357
762.630	9.379
762.706	9.411
762.782	9.446
762.858	9.481
762.934	9.524
763.010	9.581
763.086	9.656
763.162	9.746
763.238	9.844
763.314	9.944
763.390	10.044
763.466	10.148
763.542	10.257
763.618	10.369
763.694	10.485
763.770	10.601
763.846	10.718
763.922	10.835
763.998	10.953
764.074	11.075
764.150	11.199
764.226	11.324
764.302	11.448
764.378	11.569
764.454	11.684
764.530	11.793
764.606	11.898
764.682	12.000
764.758	12.103
764.834	12.207
764.910	12.311
764.986	12.411
765.062	12.506
765.138	12.594
765.214	12.677
765.290	12.752
765.366	12.820
765.442	12.877
765.518	12.912
765.594	12.914
765.670	12.880
765.746	12.819
765.822	12.751
765.898	12.699
765.974	12.681
766.050	12.700
766.126	12.748
766.202	12.812
766.278	12.886
766.354	12.981
766.430	13.107
766.506	13.264
766.582	13.441
766.658	13.619
766.734	13.775
766.810	13.895
766.886	13.978
766.962	14.035
767.038	14.082
767.114	14.127
767.190	14.170
767.266	14.213
767.342	14.255
767.418	14.296
767.494	14.338
767.570	14.380
767.646	14.419
767.722	14.451
767.798	14.475
767.874	14.492
767.950	14.505
768.026	14.517
768.102	14.526
768.178	14.534
768.254	14.539
768.330	14.543
768.406	14.544
768.482	14.543
768.558	14.537
768.634	14.527
768.710	14.514
768.786	14.501
768.862	14.491
768.938	14.486
769.014	14.485
769.090	14.487
769.166	14.489
769.242	14.492
769.318	14.493
769.394	14.493
769.470	14.490
769.546	14.487
769.622	14.486
769.698	14.489
769.774	14.496
769.850	14.506
769.926	14.518
770.002	14.532
770.078	14.547
770.154	14.560
770.230	14.571
770.306	14.578
770.382	14.582
770.458	14.563
770.534	14.437
770.610	14.082
770.686	13.466
770.762	12.699
770.838	11.940
770.914	11.302
770.990	10.827
771.066	10.510
771.142	10.309
771.218	10.167
771.294	10.060
771.370	10.022
771.446	10.104
771.522	10.334
771.598	10.721
771.674	11.241
771.750	11.824
771.826	12.363
771.902	12.773
771.978	13.033
772.054	13.188
772.130	13.283
772.206	13.338
772.282	13.369
772.358	13.394
772.434	13.420
772.510	13.444
772.586	13.467
772.662	13.503
772.738	13.572
772.814	13.694
772.890	13.868
772.966	14.074
773.042	14.278
773.118	14.444
773.194	14.551
773.270	14.600
773.346	14.615
773.422	14.623
773.498	14.631
773.574	14.643
773.650	14.657
773.726	14.672
773.802	14.686
773.878	14.698
773.954	14.707
774.030	14.712
774.106	14.714
774.182	14.716
774.258	14.716
774.334	14.715
774.410	14.710
774.486	14.702
774.562	14.688
774.638	14.670
774.714	14.649
774.790	14.628
774.866	14.610
774.942	14.596
775.018	14.587
775.094	14.583
775.170	14.585
775.246	14.591
775.322	14.598
775.398	14.604
775.474	14.607
775.550	14.607
775.626	14.604
775.702	14.600
775.778	14.596
775.854	14.594
775.930	14.593
776.006	14.592
776.082	14.591
776.158	14.591
776.234	14.595
776.310	14.605
776.386	14.619
776.462	14.635
776.538	14.650
776.614	14.660
776.690	14.658
776.766	14.641
776.842	14.611
776.918	14.573
776.994	14.532
777.070	14.498
777.146	14.474
777.222	14.461
777.298	14.456
777.374	14.456
777.450	14.461
777.526	14.473
777.602	14.497
777.678	14.529
777.754	14.566
777.830	14.597
777.906	14.618
777.982	14.626
778.058	14.621
778.134	14.609
778.210	14.593
778.286	14.576
778.362	14.560
778.438	14.544
778.514	14.528
778.590	14.508
778.666	14.482
778.742	14.453
778.818	14.425
778.894	14.407
778.970	14.400
779.046	14.406
779.122	14.421
779.198	14.440
779.274	14.459
779.350	14.478
779.426	14.501
779.502	14.531
779.578	14.564
779.654	14.595
779.730	14.619
779.806	14.633
779.882	14.638
779.958	14.637
780.034	14.625
780.110	14.580
780.186	14.477
780.262	14.307
780.338	14.088
780.414	13.860
780.490	13.666
780.566	13.532
780.642	13.461
780.718	13.440
780.794	13.444
780.870	13.463
780.946	13.515
781.022	13.622
781.098	13.785
781.174	13.985
781.250	14.186
781.326	14.326
781.402	14.225
781.478	13.634
781.554	12.567
781.630	11.347
781.706	10.269
781.782	9.456
781.858	8.917
781.934	8.616
782.010	8.489
782.086	8.461
782.162	8.486
782.238	8.591
782.314	8.841
782.390	9.300
782.466	10.024
782.542	11.030
782.618	12.228
782.694	13.388
782.770	14.207
782.846	14.554
782.922	14.615
782.998	14.612
783.074	14.610
783.150	14.609
783.226	14.610
783.302	14.611
783.378	14.613
783.454	14.613
783.530	14.613
783.606	14.612
783.682	14.611
783.758	14.610
783.834	14.608
783.910	14.607
783.986	14.607
784.062	14.608
784.138	14.609
784.214	14.611
784.290	14.613
784.366	14.614
784.442	14.613
784.518	14.580
784.594	14.383
784.670	13.845
784.746	12.958
784.822	11.924
784.898	10.976
784.974	10.244
785.050	9.756
785.126	9.483
785.202	9.370
785.278	9.346
785.354	9.369
785.430	9.473
785.506	9.723
785.582	10.176
785.658	10.868
785.734	11.788
785.810	12.823
785.886	13.745
785.962	14.333
786.038	14.559
786.114	14.597
786.190	14.597
786.266	14.598
786.342	14.599
786.418	14.601
786.494	14.602
786.570	14.605
786.646	14.608
786.722	14.611
786.798	14.615
786.874	14.619
786.950	14.622
787.026	14.624
787.102	14.624
787.178	14.623
787.254	14.622
787.330	14.621
787.406	14.619
787.482	14.616
787.558	14.612
787.634	14.606
787.710	14.600
787.786	14.593
787.862	14.585
787.938	14.579
788.014	14.575
788.090	14.573
788.166	14.571
788.242	14.568
788.318	14.559
788.394	14.536
788.470	14.496
788.546	14.441
788.622	14.380
788.698	14.324
788.774	14.281
788.850	14.256
788.926	14.247
789.002	14.247
789.078	14.252
789.154	14.266
789.230	14.294
789.306	14.337
789.382	14.391
789.458	14.448
789.534	14.498
789.610	14.534
789.686	14.555
789.762	14.564
789.838	14.567
789.914	14.569
789.990	14.572
790.066	14.575
790.142	14.579
790.218	14.584
790.294	14.588
790.370	14.593
790.446	14.597
790.522	14.598
790.598	14.595
790.674	14.589
790.750	14.582
790.826	14.574
790.902	14.567
790.978	14.563
791.054	14.561
791.130	14.561
791.206	14.563
791.282	14.562
791.358	14.556
791.434	14.542
791.510	14.523
791.586	14.501
791.662	14.480
791.738	14.464
791.814	14.453
791.890	14.447
791.966	14.443
792.042	14.444
792.118	14.451
792.194	14.464
792.270	14.484
792.346	14.503
792.422	14.515
792.498	14.516
792.574	14.506
792.650	14.489
792.726	14.470
792.802	14.456
792.878	14.446
792.954	14.440
793.030	14.438
793.106	14.440
793.182	14.448
793.258	14.462
793.334	14.480
793.410	14.499
793.486	14.517
793.562	14.530
793.638	14.537
793.714	14.538
793.790	14.538
793.866	14.535
793.942	14.527
794.018	14.509
794.094	14.482
794.170	14.447
794.246	14.406
794.322	14.365
794.398	14.327
794.474	14.298
794.550	14.280
794.626	14.272
794.702	14.275
794.778	14.288
794.854	14.309
794.930	14.337
795.006	14.368
795.082	14.401
795.158	14.432
795.234	14.459
795.310	14.481
795.386	14.497
795.462	14.508
795.538	14.513
795.614	14.514
795.690	14.462
795.766	14.195
795.842	13.572
795.918	12.656
795.994	11.667
796.070	10.808
796.146	10.175
796.222	9.772
796.298	9.562
796.374	9.485
796.450	9.476
796.526	9.516
796.602	9.656
796.678	9.961
796.754	10.478
796.830	11.225
796.906	12.154
796.982	13.116
797.058	13.884
797.134	14.305
797.210	14.439
797.286	14.458
797.362	14.458
797.438	14.460
797.514	14.463
797.590	14.467
797.666	14.472
797.742	14.478
797.818	14.486
797.894	14.493
797.970	14.499
798.046	14.501
798.122	14.500
798.198	14.496
798.274	14.491
798.350	14.484
798.426	14.478
798.502	14.470
798.578	14.462
798.654	14.453
798.730	14.440
798.806	14.423
798.882	14.403
798.958	14.382
799.034	14.364
799.110	14.352
799.186	14.345
799.262	14.345
799.338	14.350
799.414	14.357
799.490	14.363
799.566	14.367
799.642	14.367
799.718	14.355
799.794	14.326
799.870	14.277
799.946	14.222
800.022	14.177
800.098	14.152
800.174	14.147
800.250	14.153
800.326	14.163
800.402	14.173
800.478	14.182
800.554	14.189
800.630	14.196
800.706	14.202
800.782	14.203
800.858	14.196
800.934	14.175
801.010	14.139
801.086	14.096
801.162	14.053
801.238	14.018
801.314	13.989
801.390	13.958
801.466	13.913
801.542	13.853
801.618	13.789
801.694	13.739
801.770	13.697
801.846	13.600
801.922	13.344
801.998	12.880
802.074	12.277
802.150	11.673
802.226	11.174
802.302	10.828
802.378	10.635
802.454	10.562
802.530	10.549
802.606	10.565
802.682	10.642
802.758	10.835
802.834	11.179
802.910	11.683
802.986	12.314
803.062	12.975
803.138	13.536
803.214	13.903
803.290	14.078
803.366	14.146
803.442	14.174
803.518	14.184
803.594	14.183
803.670	14.179
803.746	14.176
803.822	14.174
803.898	14.172
803.974	14.172
804.050	14.174
804.126	14.179
804.202	14.185
804.278	14.188
804.354	14.185
804.430	14.170
804.506	14.134
804.582	14.066
804.658	13.964
804.734	13.835
804.810	13.699
804.886	13.579
804.962	13.487
805.038	13.430
805.114	13.405
805.190	13.400
805.266	13.408
805.342	13.436
805.418	13.494
805.494	13.584
805.570	13.697
805.646	13.817
805.722	13.925
805.798	14.004
805.874	14.051
805.950	14.075
806.026	14.088
806.102	14.096
806.178	14.103
806.254	14.107
806.330	14.110
806.406	14.108
806.482	14.099
806.558	14.083
806.634	14.062
806.710	14.040
806.786	14.023
806.862	14.014
806.938	14.012
807.014	14.015
807.090	14.019
807.166	14.022
807.242	14.024
807.318	14.025
807.394	14.023
807.470	14.016
807.546	14.004
807.622	13.984
807.698	13.955
807.774	13.917
807.850	13.871
807.926	13.822
808.002	13.777
808.078	13.743
808.154	13.725
808.230	13.723
808.306	13.738
808.382	13.763
808.458	13.795
808.534	13.834
808.610	13.885
808.686	13.945
808.762	14.009
808.838	14.069
808.914	14.115
808.990	14.143
809.066	14.154
809.142	14.150
809.218	14.139
809.294	14.127
809.370	14.114
809.446	14.102
809.522	14.077
809.598	14.017
809.674	13.902
809.750	13.735
809.826	13.542
809.902	13.358
809.978	13.214
810.054	13.123
810.130	13.079
810.206	13.061
810.282	13.052
810.358	13.061
810.434	13.106
810.510	13.203
810.586	13.352
810.662	13.528
810.738	13.695
810.814	13.820
810.890	13.890
810.966	13.916
811.042	13.922
811.118	13.929
811.194	13.940
811.270	13.949
811.346	13.953
811.422	13.950
811.498	13.940
811.574	13.925
811.650	13.910
811.726	13.896
811.802	13.883
811.878	13.872
811.954	13.859
812.030	13.842
812.106	13.819
812.182	13.790
812.258	13.760
812.334	13.735
812.410	13.716
812.486	13.699
812.562	13.681
812.638	13.658
812.714	13.629
812.790	13.601
812.866	13.579
812.942	13.566
813.018	13.559
813.094	13.552
813.170	13.541
813.246	13.521
813.322	13.494
813.398	13.465
813.474	13.438
813.550	13.414
813.626	13.394
813.702	13.375
813.778	13.356
813.854	13.337
813.930	13.319
814.006	13.301
814.082	13.281
814.158	13.258
814.234	13.227
814.310	13.184
814.386	13.116
814.462	13.019
814.538	12.897
814.614	12.765
814.690	12.642
814.766	12.541
814.842	12.472
814.918	12.433
814.994	12.416
815.070	12.412
815.146	12.424
815.222	12.459
815.298	12.518
815.374	12.594
815.450	12.675
815.526	12.744
815.602	12.789
815.678	12.807
815.754	12.807
815.830	12.797
815.906	12.783
815.982	12.755
816.058	12.709
816.134	12.642
816.210	12.559
816.286	12.467
816.362	12.378
816.438	12.302
816.514	12.246
816.590	12.210
816.666	12.192
816.742	12.194
816.818	12.218
816.894	12.263
816.970	12.330
817.046	12.412
817.122	12.499
817.198	12.582
817.274	12.655
817.350	12.715
817.426	12.761
817.502	12.789
817.578	12.796
817.654	12.785
817.730	12.763
817.806	12.736
817.882	12.711
817.958	12.694
818.034	12.685
818.110	12.678
818.186	12.664
818.262	12.640
818.338	12.607
818.414	12.573
818.490	12.544
818.566	12.524
818.642	12.513
818.718	12.506
818.794	12.500
818.870	12.497
818.946	12.497
819.022	12.501
819.098	12.509
819.174	12.522
819.250	12.540
819.326	12.561
819.402	12.585
819.478	12.613
819.554	12.643
819.630	12.678
819.706	12.722
819.782	12.778
819.858	12.846
819.934	12.924
820.010	13.007
820.086	13.089
820.162	13.164
820.238	13.227
820.314	13.278
820.390	13.323
820.466	13.360
820.542	13.390
820.618	13.415
820.694	13.437
820.770	13.458
820.846	13.479
820.922	13.497
820.998	13.509
821.074	13.515
821.150	13.516
821.226	13.515
821.302	13.517
821.378	13.519
821.454	13.516
821.530	13.504
821.606	13.482
821.682	13.450
821.758	13.410
821.834	13.366
821.910	13.314
821.986	13.252
822.062	13.178
822.138	13.092
822.214	12.998
822.290	12.900
822.366	12.802
822.442	12.698
822.518	12.586
822.594	12.465
822.670	12.337
822.746	12.206
822.822	12.078
822.898	11.966
822.974	11.888
823.050	11.854
823.126	11.865
823.202	11.909
823.278	11.970
823.354	12.040
823.430	12.122
823.506	12.220
823.582	12.335
823.658	12.465
823.734	12.606
823.810	12.749
823.886	12.884
823.962	12.996
824.038	13.076
824.114	13.122
824.190	13.145
824.266	13.159
824.342	13.177
824.418	13.198
824.494	13.219
824.570	13.237
824.646	13.251
824.722	13.267
824.798	13.292
824.874	13.325
824.950	13.359
825.026	13.386
825.102	13.396
825.178	13.387
825.254	13.363
825.330	13.329
825.406	13.292
825.482	13.249
825.558	13.200
825.634	13.143
825.710	13.080
825.786	13.012
825.862	12.944
825.938	12.884
826.014	12.841
826.090	12.821
826.166	12.825
826.242	12.849
826.318	12.888
826.394	12.938
826.470	12.993
826.546	13.048
826.622	13.100
826.698	13.149
826.774	13.195
826.850	13.234
826.926	13.259
827.002	13.260
827.078	13.224
827.154	13.138
827.230	13.006
827.306	12.845
827.382	12.682
827.458	12.542
827.534	12.444
827.610	12.388
827.686	12.363
827.762	12.350
827.838	12.344
827.914	12.357
827.990	12.404
828.066	12.439
828.142	0.000
